89 90 91 92 93 108 109 118 
53 55 56 57 58 59 60 62 63 
1 2 3 4 126 155 157 158 159 
8 9 10 145 146 147 148 149 150 
42 43 44 45 119 120 121 122 
72 80 82 83 84 85 86 87 
15 31 32 138 139 140 141 142 
11 12 13 14 17 143 144 
46 47 48 49 50 51 52 74 
114 124 125 127 128 129 130 131 
22 25 26 27 28 29 30 
33 34 35 36 37 38 136 137 
88 94 95 96 97 98 99 100 
54 61 64 65 66 67 69 70 73 
39 40 41 123 132 133 134 135 
5 6 7 151 152 153 154 156 
101 102 103 104 105 106 107 
110 111 112 113 115 116 117 
68 71 75 76 77 78 79 81 
16 18 19 20 21 23 24 
