79 80 81 82 83 84 85 86 88 98 
38 39 40 41 42 44 123 131 132 133 134 135 
62 63 64 65 66 67 68 69 70 71 72 73 78 
91 92 93 107 108 109 110 111 112 117 
33 34 35 36 37 136 137 138 139 140 142 
18 19 20 21 23 24 25 26 27 28 29 
8 11 12 13 141 144 145 147 149 150 
14 15 16 17 22 30 31 32 143 
43 45 46 47 49 118 119 120 121 122 
48 50 51 74 75 76 77 89 90 94 
52 53 54 55 56 57 58 59 60 61 
113 114 115 116 124 126 127 128 129 130 
1 2 3 4 125 151 156 157 158 159 
87 95 96 97 99 100 101 102 103 104 105 106 
5 6 7 9 10 146 148 152 153 154 155 
