5 18 26 56 75 81 82 95 97 100 107 124 126 142 143 
4 13 44 45 64 68 71 74 91 106 119 128 136 145 
25 50 55 58 65 83 85 86 90 102 108 132 135 137 141 146 
9 12 20 24 32 38 43 46 51 54 67 109 116 131 138 139 
15 16 33 52 59 77 78 79 80 92 94 105 111 122 133 134 
1 7 8 10 30 34 35 73 76 87 89 93 96 98 103 
14 23 27 31 39 41 49 72 112 123 129 140 144 147 
2 6 19 28 29 37 40 42 47 53 70 99 110 114 120 
11 17 36 57 60 61 66 69 101 117 118 127 130 148 
3 21 22 48 62 63 84 88 104 113 115 121 125 149 150 
