   iter       time(s)          bestCost  feasible      bestThisIter    feasAnts noImprove
---------------------------------------------------------------------------------------------
     10          0.09           3324.67       YES           3324.67          21         9
     20          0.18           3324.67       YES           3324.67          10        19
     30          0.26           3324.67       YES           3324.67          10        29
     40          0.35           3324.67       YES           3324.67          18         9
     50          0.44           3324.67       YES           3324.67          10        19
     60          0.53           3324.67       YES           3324.67          10        29
     70          0.60           3324.67       YES           3324.67          18         9
     80          0.65           3324.67       YES           3324.67          10        19
     90          0.71           3324.67       YES           3324.67          12        29
    100          0.81           3324.67       YES           3324.67          17         9
    110          0.94           3324.67       YES           3324.67           9        19
    120          1.04           3324.67       YES           3324.67          10        29
    130          1.20           3324.67       YES           3324.67          15         9
    140          1.29           3324.67       YES           3324.67          10        19
    150          1.44           3324.67       YES           3324.67          10        29
    160          1.53           3324.67       YES           3324.67          17         9
    170          1.66           3324.67       YES           3324.67          10        19
    180          1.80           3324.67       YES           3324.67          10        29
    190          1.87           3324.67       YES           3324.67          18         9
    200          1.96           3324.67       YES           3324.67          10        19
    210          2.03           3324.67       YES           3324.67          10        29
    220          2.15           3324.67       YES           3324.67          16         9
    230          2.20           3324.67       YES           3324.67          10        19
    240          2.30           3324.67       YES           3324.67          10        29
    250          2.41           3324.67       YES           3324.67          17         9
    260          2.55           3324.67       YES           3324.67          10        19
    270          2.69           3324.67       YES           3324.67          11        29
    280          2.87           3324.67       YES           3324.67          19         9
    290          2.98           3324.67       YES           3324.67          10        19
    300          3.07           3324.67       YES           3324.67          10        29
    310          3.14           3324.67       YES           3324.67          16         9
    320          3.19           3324.67       YES           3324.67          10        19
    330          3.29           3324.67       YES           3324.67          10        29
    340          3.38           3324.67       YES           3324.67          17         9
    350          3.44           3324.67       YES           3324.67          10        19
    360          3.52           3324.67       YES           3324.67          10        29
    370          3.60           3324.67       YES           3324.67          16         9
    380          3.67           3324.67       YES           3324.67          11        19
    390          3.73           3324.67       YES           3324.67          10        29
    400          3.81           3324.67       YES           3324.67          16         9
    410          3.88           3324.67       YES           3324.67          10        19
    420          3.99           3324.67       YES           3324.67          10        29
    430          4.19           3324.67       YES           3324.67          15         9
    440          4.31           3324.67       YES           3324.67          10        19
    450          4.37           3324.67       YES           3324.67           9        29
    460          4.44           3324.67       YES           3324.67          14         9
    470          4.49           3324.67       YES           3324.67          10        19
    480          4.60           3324.67       YES           3324.67           9        29
    490          4.68           3324.67       YES           3324.67          15         9
    500          4.78           3324.67       YES           3324.67          10        19
    510          4.91           3324.67       YES           3324.67          10        29
    520          4.98           3324.67       YES           3324.67          16         9
    530          5.03           3324.67       YES           3324.67          10        19
    540          5.12           3324.67       YES           3324.67           9        29
    550          5.24           3324.67       YES           3324.67          15         9
    560          5.29           3324.67       YES           3324.67          10        19
    570          5.36           3324.67       YES           3324.67          10        29
    580          5.42           3324.67       YES           3324.67          18         9
    590          5.48           3324.67       YES           3324.67           9        19
    600          5.57           3324.67       YES           3324.67          10        29
    610          5.64           3324.67       YES           3324.67          18         9
    620          5.69           3324.67       YES           3324.67          10        19
    630          5.77           3324.67       YES           3324.67           8        29
    640          5.84           3324.67       YES           3324.67          16         9
    650          5.92           3324.67       YES           3324.67          10        19
    660          6.01           3324.67       YES           3324.67          10        29
    670          6.09           3324.67       YES           3324.67          17         9
    680          6.15           3324.67       YES           3324.67          12        19
    690          6.21           3324.67       YES           3324.67           9        29
    700          6.28           3324.67       YES           3324.67          15         9
    710          6.34           3324.67       YES           3324.67          10        19
    720          6.40           3324.67       YES           3324.67          10        29
    730          6.46           3324.67       YES           3324.67          13         9
    740          6.51           3324.67       YES           3324.67          10        19
    750          6.58           3324.67       YES           3324.67          10        29
    760          6.64           3324.67       YES           3324.67          15         9
    770          6.70           3324.67       YES           3324.67          11        19
    780          6.88           3324.67       YES           3324.67          10        29
    790          6.96           3324.67       YES           3324.67          16         9
    800          7.01           3324.67       YES           3324.67          11        19
    810          7.07           3324.67       YES           3324.67          10        29
    820          7.25           3324.67       YES           3324.67          17         9
    830          7.35           3324.67       YES           3324.67          10        19
    840          7.42           3324.67       YES           3324.67          10        29
    850          7.55           3324.67       YES           3324.67          10         9
    860          7.62           3324.67       YES           3324.67           9        19
    870          7.69           3324.67       YES           3324.67          10        29
    880          7.75           3324.67       YES           3324.67          19         9
    890          7.80           3324.67       YES           3324.67          11        19
    900          7.95           3324.67       YES           3324.67          10        29
    910          8.01           3324.67       YES           3324.67          14         9
    920          8.09           3324.67       YES           3324.67           9        19
    930          8.16           3324.67       YES           3324.67          10        29
    940          8.26           3324.67       YES           3324.67          17         9
    950          8.36           3324.67       YES           3324.67          10        19
    960          8.44           3324.67       YES           3324.67           9        29
    970          8.57           3324.67       YES           3324.67          21         9
    980          8.62           3324.67       YES           3324.67          10        19
    990          8.72           3324.67       YES           3324.67          10        29
   1000          8.82           3324.67       YES           3324.67          16         9
   1010          8.93           3324.67       YES           3324.67          10        19
   1020          8.97           3324.67       YES           3324.67          10        29
   1030          9.10           3324.67       YES           3324.67          16         9
   1040          9.21           3324.67       YES           3324.67          12        19
   1050          9.29           3324.67       YES           3324.67          10        29
   1060          9.44           3324.67       YES           3324.67          16         9
   1070          9.60           3324.67       YES           3324.67          10        19
   1080          9.72           3324.67       YES           3324.67          10        29
   1090          9.86           3324.67       YES           3324.67          17         9
   1100          9.93           3324.67       YES           3324.67          10        19
   1110         10.00           3324.67       YES           3324.67          10        29
