   iter       time(s)          bestCost  feasible      bestThisIter    feasAnts noImprove
---------------------------------------------------------------------------------------------
     10          0.59          67052.09       YES          67052.09          10         0
     20          3.04          66300.28       YES          66300.28          10         0
     30          4.95          66120.97       YES          66645.26          10         0
     40          5.32          66120.97       YES          66120.97          10        10
     50          7.23          66120.97       YES          68512.71          10        20
     60          9.55          66120.97       YES          67400.90          10        30
     70         10.31          66120.97       YES          72241.39          10        10
     80         12.52          66120.97       YES          69574.94          10        20
     90         14.53          66120.97       YES          67876.52          10        30
    100         15.09          66120.97       YES          69015.15          10        10
    110         17.45          66120.97       YES          68281.37          10        20
    120         19.82          66120.97       YES          68029.03          10        30
    130         20.42          66120.97       YES          70266.41          10        10
    140         22.46          66120.97       YES          67947.45          10        20
    150         24.63          66120.97       YES          68853.47          10        30
    160         25.36          66120.97       YES          70280.50          10        10
    170         27.71          66120.97       YES          68409.07          10        20
    180         29.75          66120.97       YES          69146.08          10        30
    190         30.40          66120.97       YES          70100.49          10        10
    200         32.65          66120.97       YES          68442.96          10        20
    210         35.16          66120.97       YES          68992.18          10        30
    220         35.80          66120.97       YES          69423.21          10        10
    230         37.79          66120.97       YES          67687.75          10        20
    240         39.85          66120.97       YES          69962.73          10        30
    250         40.59          66120.97       YES          71737.75          10        10
    260         42.99          66120.97       YES          68207.22          10        20
    270         45.01          66120.97       YES          66555.83          10        30
    280         45.62          66120.97       YES          67250.47          10        10
    290         47.73          66120.97       YES          68719.64          10        20
    300         50.19          66120.97       YES          70514.99          10        30
    310         50.97          66120.97       YES          70619.81          10        10
    320         53.09          66120.97       YES          66381.24          10        20
    330         55.08          66120.97       YES          67836.78          10        30
    340         55.67          66120.97       YES          71416.25          10        10
    350         58.04          66120.97       YES          68762.94          10        20
    360         60.30          66120.97       YES          69332.77          10        30
