   iter       time(s)          bestCost  feasible      bestThisIter    feasAnts noImprove
---------------------------------------------------------------------------------------------
     10          1.32          50178.25       YES          50178.25          10         0
     20          5.10          49951.26       YES          49951.26          11         5
     30          9.87          49951.26       YES          55075.26          10        15
     40         11.04          49951.26       YES          53598.54          10        25
     50         15.89          49951.26       YES          56788.37          10         5
     60         21.36          49951.26       YES          54445.82          10        15
     70         22.58          49951.26       YES          50599.55          10        25
     80         27.61          49951.26       YES          60060.57          10         5
     90         32.41          49951.26       YES          53692.05          10        15
    100         33.60          49951.26       YES          54824.28           9        25
    110         38.05          49951.26       YES          55041.56          10         5
    120         43.23          49951.26       YES          57396.20          10        15
    130         44.61          49951.26       YES          52427.47          10        25
    140         49.74          49951.26       YES          57920.86          10         5
    150         54.44          49951.26       YES          57851.82          10        15
    160         55.90          49951.26       YES          56281.84          10        25
