   iter       time(s)          bestCost  feasible      bestThisIter    feasAnts noImprove
---------------------------------------------------------------------------------------------
     10          0.52         111728.79       YES         111728.79          13         0
     20          2.64         110441.63       YES         110441.63          10         5
     30          4.26         109936.26       YES         109936.26          12         5
     40          4.54         109936.26       YES         109936.26          10        15
     50          6.29         109936.26       YES         112777.08          10        25
     60          8.08         109936.26       YES         118760.22          10         5
     70          8.54         109936.26       YES         111740.85          10        15
     80         10.26         109936.26       YES         111377.12          10        25
     90         12.46         109936.26       YES         116649.22          10         5
    100         13.01         109936.26       YES         109936.26          10        15
    110         14.94         109936.26       YES         115200.53          10        25
    120         16.67         109936.26       YES         115746.21          10         5
    130         17.13         109936.26       YES         111695.72          10        15
    140         18.96         109936.26       YES         113051.58          10        25
    150         21.13         109936.26       YES         115536.16          10         5
    160         21.63         109936.26       YES         112070.13          10        15
    170         23.46         109936.26       YES         111205.08          10        25
    180         25.21         109936.26       YES         116812.34          10         5
    190         25.64         109936.26       YES         109936.26          10        15
    200         27.43         109936.26       YES         111785.66          10        25
    210         29.18         109936.26       YES         115870.59          10         5
    220         29.60         109936.26       YES         109936.26          10        15
    230         31.59         109936.26       YES         109936.26          10        25
    240         33.75         109936.26       YES         115072.28          10         5
    250         34.32         109936.26       YES         111058.19          10        15
    260         35.99         109936.26       YES         109936.26          10        25
    270         37.74         109936.26       YES         112742.81          10         5
    280         38.20         109936.26       YES         109936.26          10        15
    290         40.42         109936.26       YES         112957.00          10        25
    300         42.58         109936.26       YES         114448.95          10         5
    310         43.03         109936.26       YES         113435.30          10        15
    320         44.78         109936.26       YES         113676.18          10        25
    330         46.56         109936.26       YES         112354.56          10         5
    340         47.10         109936.26       YES         111871.55          10        15
    350         49.25         109936.26       YES         112703.65          10        25
    360         51.18         109936.26       YES         114253.50          10         5
    370         51.61         109936.26       YES         109936.26          10        15
    380         53.32         109936.26       YES         112840.13          10        25
    390         55.19         109936.26       YES         113627.25          10         5
    400         55.74         109936.26       YES         112823.76          10        15
    410         57.91         109936.26       YES         110588.43          10        25
    420         59.73         109936.26       YES         113543.30          10         5
