   iter       time(s)          bestCost  feasible      bestThisIter    feasAnts noImprove
---------------------------------------------------------------------------------------------
     10          0.25         216665.98       YES         216665.98          10         3
     20          1.52         216577.40       YES         216577.40          14         5
     30          2.81         216577.40       YES         216725.78          10        15
     40          3.01         216577.40       YES         216577.40          10        25
     50          4.39         216577.40       YES         218535.80          10         5
     60          6.08         216577.40       YES         216577.40          10        15
     70          6.34         216577.40       YES         216577.40          10        25
     80          8.02         216577.40       YES         216665.98          10         5
     90          9.48         216577.40       YES         216577.40          10        15
    100          9.66         216577.40       YES         216577.40          10        25
    110         11.01         216577.40       YES         217095.68          10         5
    120         12.43         216577.40       YES         216577.40          10        15
    130         12.64         216577.40       YES         217428.64          10        25
    140         14.29         216577.40       YES         216860.24          10         5
    150         15.94         216577.40       YES         216577.40          10        15
    160         16.16         216577.40       YES         216577.40          10        25
    170         17.60         216577.40       YES         219153.73          10         5
    180         18.99         216577.40       YES         216577.40          10        15
    190         19.18         216577.40       YES         216577.40          10        25
    200         20.58         216577.40       YES         220215.97          10         5
    210         22.30         216577.40       YES         216577.40          10        15
    220         22.53         216577.40       YES         216725.78          10        25
    230         24.30         216577.40       YES         219396.71          10         5
    240         25.71         216577.40       YES         216577.40          10        15
    250         25.91         216577.40       YES         216665.98          10        25
    260         27.28         216577.40       YES         216725.78          10         5
    270         28.74         216577.40       YES         216725.78          10        15
    280         28.99         216577.40       YES         216665.98          10        25
    290         30.65         216577.40       YES         219693.32          10         5
    300         32.35         216577.40       YES         216577.40          10        15
    310         32.61         216577.40       YES         216860.24          10        25
    320         33.98         216577.40       YES         216860.24          10         5
    330         35.40         216577.40       YES         216577.40          10        15
    340         35.60         216577.40       YES         216577.40          10        25
    350         37.09         216577.40       YES         221310.34          10         5
    360         38.74         216577.40       YES         216577.40          10        15
    370         38.95         216577.40       YES         216577.40          10        25
    380         40.65         216577.40       YES         221841.24          10         5
    390         42.07         216577.40       YES         216860.24          10        15
    400         42.26         216577.40       YES         216577.40          10        25
    410         43.60         216577.40       YES         219639.79          10         5
    420         45.15         216577.40       YES         216725.78          10        15
    430         45.43         216577.40       YES         216577.40          10        25
    440         47.12         216577.40       YES         217428.64          10         5
    450         48.80         216577.40       YES         216725.78          10        15
    460         49.00         216577.40       YES         216577.40          10        25
    470         50.38         216577.40       YES         216577.40          10         5
    480         51.77         216577.40       YES         216577.40          10        15
    490         51.95         216577.40       YES         216577.40          10        25
    500         53.50         216577.40       YES         216665.98          10         5
    510         55.24         216577.40       YES         216577.40          10        15
    520         55.48         216577.40       YES         216725.78          10        25
    530         57.13         216577.40       YES         217408.78          10         5
    540         58.51         216577.40       YES         216577.40          10        15
    550         58.72         216577.40       YES         217152.68          10        25
