   iter       time(s)          bestCost  feasible      bestThisIter    feasAnts noImprove
---------------------------------------------------------------------------------------------
     10          2.11         125123.39       YES         127133.41          10         7
     20          7.14         115522.25       YES         115522.25          12         2
     30         12.39         112568.13       YES         121767.53          10         0
     40         13.54         112568.13       YES         124179.27           9        10
     50         18.27         111921.75       YES         111921.75          11         5
     60         23.77         111442.04       YES         122924.85          10         0
     70         24.80         111442.04       YES         116125.52          10        10
     80         30.48         111442.04       YES         128044.56           9        20
     90         35.94         111442.04       YES         130347.11          10        30
    100         38.33         111442.04       YES         126720.14          10        10
    110         43.76         111442.04       YES         126370.58          10        20
    120         49.47         111442.04       YES         129768.37          10        30
    130         51.68         111442.04       YES         134686.07          10        10
    140         57.55         111442.04       YES         122712.45          10        20
    150         62.65         111442.04       YES         124377.11          10        30
