   iter       time(s)          bestCost  feasible      bestThisIter    feasAnts noImprove
---------------------------------------------------------------------------------------------
     10          0.66         953331.70       YES         964992.65          10         7
     20          3.67         953331.70       YES         953331.70          10        17
     30          6.41         951653.55       YES         951653.55          10         9
     40          6.98         951653.55       YES         951653.55          10        19
     50         10.30         951298.74       YES         951653.55          25         1
     60         12.79         951298.74       YES         951298.74          10        11
     70         13.15         951298.74       YES         951298.74          10        21
     80         16.04         951298.74       YES         957187.67          10         1
     90         19.09         951298.74       YES         951653.55          10        11
    100         19.57         951298.74       YES         956413.64          10        21
    110         22.19         951298.74       YES         994838.88          10         1
    120         25.51         951298.74       YES         968131.34          10        11
    130         26.00         951298.74       YES         957187.67          10        21
    140         28.60         951298.74       YES        1015966.21          10         1
    150         31.50         951298.74       YES         955212.30          10        11
    160         32.02         951298.74       YES         954163.28          10        21
    170         34.99         951298.74       YES        1025611.61          10         1
    180         37.77         951298.74       YES         954519.87          10        11
    190         38.14         951298.74       YES         951298.74          10        21
    200         41.36         951298.74       YES         970786.01          10         1
    210         44.26         951298.74       YES         954163.28          10        11
    220         44.73         951298.74       YES         955608.57          10        21
    230         47.47         951298.74       YES        1005850.36          10         1
    240         50.65         951298.74       YES         951298.74          10        11
    250         51.10         951298.74       YES         964511.50          10        21
    260         53.69         951298.74       YES         972439.25          10         1
    270         56.89         951298.74       YES         954519.87          10        11
    280         57.42         951298.74       YES         961121.24          10        21
