   iter       time(s)          bestCost  feasible      bestThisIter    feasAnts noImprove
---------------------------------------------------------------------------------------------
     10          0.74          58590.63       YES          58590.63          10         8
     20          5.26          58557.29       YES          58557.29          16         5
     30         10.30          58445.12       YES          58445.12          22         5
     40         11.02          58445.12       YES          58445.12          10        15
     50         15.65          58445.12       YES          58445.12          10        25
     60         20.84          58445.12       YES          59054.39          10         5
     70         21.63          58445.12       YES          58445.12          12        15
     80         26.22          58445.12       YES          58445.12          10        25
     90         31.34          58445.12       YES          58699.55          10         5
    100         32.12          58445.12       YES          58445.12          10        15
    110         36.78          58445.12       YES          58445.12          10        25
    120         41.40          58298.39       YES          58298.39          14         7
    130         41.91          58298.39       YES          58670.14          10        17
    140         46.72          58298.39       YES          58445.12          10        27
    150         51.48          58298.39       YES          59431.88          10         7
    160         52.13          58298.39       YES          59047.76          10        17
    170         57.39          58298.39       YES          58571.71          10        27
    180         62.66          58298.39       YES          59655.47          10         7
