14 29 41 48 71 100 112 132 136 140 
11 15 23 32 47 59 91 98 109 110 
18 24 36 38 84 99 102 104 134 137 
2 13 33 37 76 82 95 103 126 146 147 
40 44 50 64 73 81 85 114 116 144 
1 6 28 92 93 113 131 142 148 
25 54 58 61 67 68 69 105 108 138 
5 30 39 52 78 96 101 107 121 135 
7 9 34 51 55 57 83 87 117 125 145 
12 27 35 45 60 62 77 86 150 
19 49 53 63 75 79 88 90 97 130 
16 22 26 65 66 70 94 118 119 124 129 
3 20 43 46 115 120 123 128 149 
10 17 21 72 74 106 111 127 141 
4 8 31 42 56 80 89 122 133 139 143 
