   iter       time(s)          bestCost  feasible      bestThisIter    feasAnts noImprove
---------------------------------------------------------------------------------------------
     10          0.50          65734.52       YES          65734.52          10         3
     20          2.71          64997.35       YES          64997.35          10         5
     30          4.81          64997.35       YES          70539.22          10        15
     40          5.23          64997.35       YES          67998.50          10        25
     50          7.13          64997.35       YES          68979.21          10         5
     60          9.00          64997.35       YES          68209.76          10        15
     70          9.42          64997.35       YES          68819.47          10        25
     80         11.27          64997.35       YES          68774.96          10         5
     90         13.36          64997.35       YES          68454.89          10        15
    100         13.95          64997.35       YES          68253.63          10        25
    110         16.28          64997.35       YES          68691.54          10         5
    120         18.26          64997.35       YES          70940.25          10        15
    130         18.72          64997.35       YES          69496.65          10        25
    140         20.55          64997.35       YES          68511.26          10         5
    150         22.86          64997.35       YES          70741.62          10        15
    160         23.38          64997.35       YES          68502.62          10        25
    170         25.47          64997.35       YES          69021.13          10         5
    180         27.39          64997.35       YES          68715.29          10        15
    190         27.88          64997.35       YES          69114.07          10        25
    200         30.00          64997.35       YES          67750.88          10         5
    210         32.39          64997.35       YES          68089.03          10        15
    220         32.88          64997.35       YES          69637.15          10        25
    230         34.79          64997.35       YES          69091.84          10         5
    240         36.75          64997.35       YES          69536.90          10        15
    250         37.29          64997.35       YES          67912.86          10        25
    260         39.59          64997.35       YES          67494.56          10         5
    270         41.68          64997.35       YES          70217.07          10        15
    280         42.17          64997.35       YES          70459.39          10        25
    290         44.01          64997.35       YES          73693.58          10         5
    300         46.24          64997.35       YES          65230.46          10        15
    310         46.81          64997.35       YES          68303.98          10        25
    320         48.99          64997.35       YES          70400.03          10         5
    330         50.86          64997.35       YES          68325.77          10        15
    340         51.32          64997.35       YES          70081.92          10        25
    350         53.40          64997.35       YES          68635.89          10         5
    360         55.83          64997.35       YES          69427.58          10        15
    370         56.44          64997.35       YES          69597.60          10        25
    380         58.34          64997.35       YES          68373.36          10         5
    390         60.28          64997.35       YES          65760.94          10        15
