53 56 57 58 59 60 61 62 63 
15 16 17 18 19 20 21 22 
9 10 13 144 145 147 152 
75 77 78 79 82 83 85 
34 35 36 37 38 39 40 136 137 
31 32 33 133 138 139 140 149 
1 125 126 127 128 129 130 158 
4 5 7 8 150 151 154 155 
84 86 87 88 97 98 100 106 
43 44 45 115 117 120 121 122 123 
90 91 92 93 94 107 109 118 
46 47 48 50 51 52 55 89 
41 42 119 131 132 134 135 
2 3 6 153 156 157 159 
95 96 99 101 102 103 104 105 
67 69 71 73 74 76 80 81 
11 12 14 141 142 143 146 148 
49 54 64 65 66 68 70 72 
108 110 111 112 113 114 116 124 
23 24 25 26 27 28 29 30 
