   iter       time(s)          bestCost  feasible      bestThisIter    feasAnts noImprove
---------------------------------------------------------------------------------------------
     10          0.04           1934.69       YES           1934.69          26         9
     20          0.07           1934.69       YES           1934.69          15        19
     30          0.09           1934.69       YES           1934.69          14        29
     40          0.15           1934.69       YES           1934.69          29         9
     50          0.19           1934.69       YES           1934.69          16        19
     60          0.22           1934.69       YES           1934.69          16        29
     70          0.29           1934.69       YES           1934.69          26         9
     80          0.34           1934.69       YES           1934.69          13        19
     90          0.38           1934.69       YES           1934.69          16        29
    100          0.45           1934.69       YES           1934.69          24         9
    110          0.48           1934.69       YES           1934.69          15        19
    120          0.51           1934.69       YES           1934.69          15        29
    130          0.55           1934.69       YES           1934.69          20         9
    140          0.58           1934.69       YES           1934.69          17        19
    150          0.62           1934.69       YES           1934.69          17        29
    160          0.67           1934.69       YES           1934.69          26         9
    170          0.70           1934.69       YES           1934.69          14        19
    180          0.72           1934.69       YES           1934.69          18        29
    190          0.77           1934.69       YES           1934.69          28         9
    200          0.80           1934.69       YES           1934.69          16        19
    210          0.82           1934.69       YES           1934.69          14        29
    220          0.87           1934.69       YES           1934.69          29         9
    230          0.90           1934.69       YES           1934.69          15        19
    240          0.94           1934.69       YES           1934.69          14        29
    250          1.00           1934.69       YES           1934.69          20         9
    260          1.03           1934.69       YES           1934.69          13        19
    270          1.07           1934.69       YES           1934.69          11        29
    280          1.11           1934.69       YES           1934.69          31         9
    290          1.14           1934.69       YES           1934.69          17        19
    300          1.17           1934.69       YES           1934.69          15        29
    310          1.26           1934.69       YES           1934.69          28         9
    320          1.31           1934.69       YES           1934.69          14        19
    330          1.36           1934.69       YES           1934.69          15        29
    340          1.40           1934.69       YES           1934.69          27         9
    350          1.43           1934.69       YES           1934.69          17        19
    360          1.45           1934.69       YES           1934.69          16        29
    370          1.50           1934.69       YES           1934.69          31         9
    380          1.53           1934.69       YES           1934.69          15        19
    390          1.55           1934.69       YES           1934.69          18        29
    400          1.62           1934.69       YES           1934.69          28         9
    410          1.66           1934.69       YES           1934.69          15        19
    420          1.69           1934.69       YES           1934.69          15        29
    430          1.75           1934.69       YES           1934.69          26         9
    440          1.80           1934.69       YES           1934.69          13        19
    450          1.84           1934.69       YES           1934.69          19        29
    460          1.93           1934.69       YES           1934.69          32         9
    470          1.98           1934.69       YES           1934.69          21        19
    480          2.03           1934.69       YES           1934.69          15        29
    490          2.07           1934.69       YES           1934.69          28         9
    500          2.10           1934.69       YES           1934.69          14        19
    510          2.15           1934.69       YES           1934.69          16        29
    520          2.20           1934.69       YES           1934.69          27         9
    530          2.23           1934.69       YES           1934.69          17        19
    540          2.25           1934.69       YES           1934.69          13        29
    550          2.32           1934.69       YES           1934.69          19         9
    560          2.35           1934.69       YES           1934.69          12        19
    570          2.38           1934.69       YES           1934.69          13        29
    580          2.42           1934.69       YES           1934.69          22         9
    590          2.45           1934.69       YES           1934.69          15        19
    600          2.47           1934.69       YES           1934.69          19        29
    610          2.52           1934.69       YES           1934.69          27         9
    620          2.55           1934.69       YES           1934.69          19        19
    630          2.57           1934.69       YES           1934.69          17        29
    640          2.62           1934.69       YES           1934.69          28         9
    650          2.67           1934.69       YES           1934.69          18        19
    660          2.71           1934.69       YES           1934.69          11        29
    670          2.76           1934.69       YES           1934.69          25         9
    680          2.78           1934.69       YES           1934.69          14        19
    690          2.82           1934.69       YES           1934.69          15        29
    700          2.86           1934.69       YES           1934.69          25         9
    710          2.88           1934.69       YES           1934.69          18        19
    720          2.91           1934.69       YES           1934.69          10        29
    730          3.00           1934.69       YES           1934.69          28         9
    740          3.03           1934.69       YES           1934.69          17        19
    750          3.06           1934.69       YES           1934.69          17        29
    760          3.10           1934.69       YES           1934.69          23         9
    770          3.13           1934.69       YES           1934.69          13        19
    780          3.17           1934.69       YES           1934.69          14        29
    790          3.22           1934.69       YES           1934.69          22         9
    800          3.27           1934.69       YES           1934.69          21        19
    810          3.32           1934.69       YES           1934.69          15        29
    820          3.39           1934.69       YES           1934.69          23         9
    830          3.43           1934.69       YES           1934.69          18        19
    840          3.49           1934.69       YES           1934.69          16        29
    850          3.57           1934.69       YES           1934.69          24         9
    860          3.60           1934.69       YES           1934.69          14        19
    870          3.62           1934.69       YES           1934.69          13        29
    880          3.67           1934.69       YES           1934.69          26         9
    890          3.72           1934.69       YES           1934.69          16        19
    900          3.77           1934.69       YES           1934.69          14        29
    910          3.81           1934.69       YES           1934.69          24         9
    920          3.87           1934.69       YES           1934.69          20        19
    930          3.91           1934.69       YES           1934.69          22        29
    940          3.96           1934.69       YES           1934.69          22         9
    950          3.99           1934.69       YES           1934.69          13        19
    960          4.04           1934.69       YES           1934.69          14        29
    970          4.08           1934.69       YES           1934.69          30         9
    980          4.10           1934.69       YES           1934.69          14        19
    990          4.13           1934.69       YES           1934.69          19        29
   1000          4.17           1934.69       YES           1934.69          25         9
   1010          4.19           1934.69       YES           1934.69          15        19
   1020          4.22           1934.69       YES           1934.69          14        29
   1030          4.27           1934.69       YES           1934.69          26         9
   1040          4.32           1934.69       YES           1934.69          16        19
   1050          4.36           1934.69       YES           1934.69          15        29
   1060          4.42           1934.69       YES           1934.69          22         9
   1070          4.44           1934.69       YES           1934.69          14        19
   1080          4.46           1934.69       YES           1934.69          14        29
   1090          4.54           1934.69       YES           1934.69          29         9
   1100          4.60           1934.69       YES           1934.69          17        19
   1110          4.66           1934.69       YES           1934.69          21        29
   1120          4.76           1934.69       YES           1934.69          22         9
   1130          4.78           1934.69       YES           1934.69          18        19
   1140          4.81           1934.69       YES           1934.69          16        29
   1150          4.85           1934.69       YES           1934.69          27         9
   1160          4.88           1934.69       YES           1934.69          13        19
   1170          4.90           1934.69       YES           1934.69          16        29
   1180          4.94           1934.69       YES           1934.69          27         9
   1190          4.97           1934.69       YES           1934.69          18        19
   1200          4.99           1934.69       YES           1934.69          15        29
   1210          5.05           1934.69       YES           1934.69          23         9
   1220          5.10           1934.69       YES           1934.69          17        19
   1230          5.13           1934.69       YES           1934.69          17        29
   1240          5.18           1934.69       YES           1934.69          29         9
   1250          5.24           1934.69       YES           1934.69          19        19
   1260          5.28           1934.69       YES           1934.69          17        29
   1270          5.32           1934.69       YES           1934.69          24         9
   1280          5.35           1934.69       YES           1934.69          18        19
   1290          5.38           1934.69       YES           1934.69          17        29
   1300          5.42           1934.69       YES           1934.69          31         9
   1310          5.44           1934.69       YES           1934.69          14        19
   1320          5.47           1934.69       YES           1934.69          20        29
   1330          5.50           1934.69       YES           1934.69          26         9
   1340          5.53           1934.69       YES           1934.69          18        19
   1350          5.55           1934.69       YES           1934.69          15        29
   1360          5.58           1934.69       YES           1934.69          22         9
   1370          5.61           1934.69       YES           1934.69          13        19
   1380          5.64           1934.69       YES           1934.69          15        29
   1390          5.72           1934.69       YES           1934.69          21         9
   1400          5.77           1934.69       YES           1934.69          16        19
   1410          5.82           1934.69       YES           1934.69          14        29
   1420          5.88           1934.69       YES           1934.69          27         9
   1430          5.91           1934.69       YES           1934.69          16        19
   1440          5.93           1934.69       YES           1934.69          14        29
   1450          6.00           1934.69       YES           1934.69          23         9
   1460          6.05           1934.69       YES           1934.69          17        19
   1470          6.09           1934.69       YES           1934.69          15        29
   1480          6.15           1934.69       YES           1934.69          26         9
   1490          6.17           1934.69       YES           1934.69          15        19
   1500          6.19           1934.69       YES           1934.69          15        29
   1510          6.23           1934.69       YES           1934.69          24         9
   1520          6.25           1934.69       YES           1934.69          15        19
   1530          6.28           1934.69       YES           1934.69          13        29
   1540          6.32           1934.69       YES           1934.69          27         9
   1550          6.34           1934.69       YES           1934.69          19        19
   1560          6.38           1934.69       YES           1934.69          16        29
   1570          6.43           1934.69       YES           1934.69          21         9
   1580          6.45           1934.69       YES           1934.69          17        19
   1590          6.49           1934.69       YES           1934.69          18        29
   1600          6.53           1934.69       YES           1934.69          30         9
   1610          6.55           1934.69       YES           1934.69          13        19
   1620          6.59           1934.69       YES           1934.69          15        29
   1630          6.65           1934.69       YES           1934.69          26         9
   1640          6.68           1934.69       YES           1934.69          13        19
   1650          6.70           1934.69       YES           1934.69          13        29
   1660          6.74           1934.69       YES           1934.69          24         9
   1670          6.76           1934.69       YES           1934.69          17        19
   1680          6.78           1934.69       YES           1934.69          18        29
   1690          6.83           1934.69       YES           1934.69          21         9
   1700          6.85           1934.69       YES           1934.69          18        19
   1710          6.87           1934.69       YES           1934.69          11        29
   1720          6.90           1934.69       YES           1934.69          19         9
   1730          6.93           1934.69       YES           1934.69          15        19
   1740          6.97           1934.69       YES           1934.69          19        29
   1750          7.01           1934.69       YES           1934.69          22         9
   1760          7.03           1934.69       YES           1934.69          15        19
   1770          7.05           1934.69       YES           1934.69          13        29
   1780          7.09           1934.69       YES           1934.69          22         9
   1790          7.11           1934.69       YES           1934.69          14        19
   1800          7.13           1934.69       YES           1934.69          17        29
   1810          7.17           1934.69       YES           1934.69          26         9
   1820          7.19           1934.69       YES           1934.69          12        19
   1830          7.21           1934.69       YES           1934.69          16        29
   1840          7.25           1934.69       YES           1934.69          29         9
   1850          7.27           1934.69       YES           1934.69          14        19
   1860          7.29           1934.69       YES           1934.69          12        29
   1870          7.33           1934.69       YES           1934.69          24         9
   1880          7.35           1934.69       YES           1934.69          22        19
   1890          7.37           1934.69       YES           1934.69          15        29
   1900          7.41           1934.69       YES           1934.69          29         9
   1910          7.45           1934.69       YES           1934.69          22        19
   1920          7.52           1934.69       YES           1934.69          14        29
   1930          7.58           1934.69       YES           1934.69          30         9
   1940          7.62           1934.69       YES           1934.69          17        19
   1950          7.67           1934.69       YES           1934.69          16        29
   1960          7.72           1934.69       YES           1934.69          27         9
   1970          7.74           1934.69       YES           1934.69          15        19
   1980          7.76           1934.69       YES           1934.69          14        29
   1990          7.80           1934.69       YES           1934.69          26         9
   2000          7.82           1934.69       YES           1934.69          16        19
   2010          7.86           1934.69       YES           1934.69          16        29
   2020          7.90           1934.69       YES           1934.69          25         9
   2030          7.96           1934.69       YES           1934.69          15        19
   2040          7.99           1934.69       YES           1934.69          14        29
   2050          8.03           1934.69       YES           1934.69          27         9
   2060          8.05           1934.69       YES           1934.69          18        19
   2070          8.08           1934.69       YES           1934.69          15        29
   2080          8.12           1934.69       YES           1934.69          24         9
   2090          8.16           1934.69       YES           1934.69          21        19
   2100          8.20           1934.69       YES           1934.69          15        29
   2110          8.25           1934.69       YES           1934.69          28         9
   2120          8.30           1934.69       YES           1934.69          13        19
   2130          8.34           1934.69       YES           1934.69          16        29
   2140          8.42           1934.69       YES           1934.69          32         9
   2150          8.44           1934.69       YES           1934.69          15        19
   2160          8.46           1934.69       YES           1934.69          14        29
   2170          8.53           1934.69       YES           1934.69          19         9
   2180          8.58           1934.69       YES           1934.69          18        19
   2190          8.64           1934.69       YES           1934.69          12        29
   2200          8.68           1934.69       YES           1934.69          23         9
   2210          8.70           1934.69       YES           1934.69          17        19
   2220          8.74           1934.69       YES           1934.69          16        29
   2230          8.80           1934.69       YES           1934.69          23         9
   2240          8.82           1934.69       YES           1934.69          14        19
   2250          8.84           1934.69       YES           1934.69          20        29
   2260          8.88           1934.69       YES           1934.69          25         9
   2270          8.90           1934.69       YES           1934.69          16        19
   2280          8.93           1934.69       YES           1934.69          14        29
   2290          8.97           1934.69       YES           1934.69          26         9
   2300          8.99           1934.69       YES           1934.69          18        19
   2310          9.01           1934.69       YES           1934.69          15        29
   2320          9.05           1934.69       YES           1934.69          21         9
   2330          9.07           1934.69       YES           1934.69          18        19
   2340          9.09           1934.69       YES           1934.69          13        29
   2350          9.12           1934.69       YES           1934.69          26         9
   2360          9.14           1934.69       YES           1934.69          14        19
   2370          9.16           1934.69       YES           1934.69          14        29
   2380          9.20           1934.69       YES           1934.69          27         9
   2390          9.22           1934.69       YES           1934.69          17        19
   2400          9.28           1934.69       YES           1934.69          15        29
   2410          9.34           1934.69       YES           1934.69          21         9
   2420          9.41           1934.69       YES           1934.69          12        19
   2430          9.45           1934.69       YES           1934.69          15        29
   2440          9.53           1934.69       YES           1934.69          27         9
   2450          9.55           1934.69       YES           1934.69          14        19
   2460          9.57           1934.69       YES           1934.69          16        29
   2470          9.61           1934.69       YES           1934.69          22         9
   2480          9.63           1934.69       YES           1934.69          15        19
   2490          9.65           1934.69       YES           1934.69          16        29
   2500          9.69           1934.69       YES           1934.69          28         9
   2510          9.71           1934.69       YES           1934.69          13        19
   2520          9.73           1934.69       YES           1934.69          18        29
   2530          9.76           1934.69       YES           1934.69          30         9
   2540          9.79           1934.69       YES           1934.69          15        19
   2550          9.81           1934.69       YES           1934.69          12        29
   2560          9.84           1934.69       YES           1934.69          25         9
   2570          9.87           1934.69       YES           1934.69          19        19
   2580          9.89           1934.69       YES           1934.69          13        29
   2590          9.93           1934.69       YES           1934.69          25         9
   2600          9.95           1934.69       YES           1934.69          17        19
   2610          9.98           1934.69       YES           1934.69          13        29
   2620         10.03           1934.69       YES           1934.69          27         9
