   iter       time(s)          bestCost  feasible      bestThisIter    feasAnts noImprove
---------------------------------------------------------------------------------------------
     10          1.44        1654379.02       YES        1654379.02          10         0
     20          8.34        1632070.48       YES        1632070.48          10         5
     30         15.54        1632070.48       YES        1656957.61          10        15
     40         17.12        1632070.48       YES        1672939.01          10        25
     50         24.54        1632070.48       YES        1696698.93          10         5
     60         32.36        1630749.20       YES        1665226.48          10         0
     70         33.33        1630749.20       YES        1630749.20          10        10
     80         40.56        1630749.20       YES        1657200.32          10        20
     90         47.70        1630749.20       YES        1665234.60          10        30
    100         49.63        1630749.20       YES        1671412.17          10        10
    110         56.83        1630749.20       YES        1679174.64          10        20
    120         64.21        1629048.63       YES        1671695.76          10         0
