   iter       time(s)          bestCost  feasible      bestThisIter    feasAnts noImprove
---------------------------------------------------------------------------------------------
     10          0.48          34842.77       YES          34842.77          12         2
     20          3.99          34842.77       YES          34842.77          10        12
     30          7.95          34842.77       YES          34842.77          10        22
     40          8.38          34842.77       YES          34945.66          10         2
     50         12.15          34812.57       YES          34812.57          12         5
     60         15.73          34812.57       YES          34812.57          10        15
     70         16.09          34812.57       YES          34812.57          10        25
     80         20.05          34812.57       YES          35144.53          10         5
     90         23.94          34812.57       YES          34812.57          10        15
    100         24.24          34812.57       YES          34812.57          10        25
    110         28.20          34812.57       YES          34812.57          10         5
    120         31.98          34812.57       YES          34812.57          10        15
    130         32.23          34812.57       YES          34812.57          10        25
    140         36.17          34812.57       YES          35066.48          10         5
    150         40.01          34812.57       YES          34812.57          10        15
    160         40.37          34812.57       YES          34812.57          10        25
    170         44.37          34812.57       YES          34843.22          10         5
    180         48.19          34812.57       YES          34812.57          10        15
    190         48.47          34812.57       YES          34812.57          10        25
    200         52.53          34812.57       YES          34944.71          10         5
    210         56.36          34812.57       YES          34812.57          10        15
    220         56.67          34812.57       YES          34812.57          10        25
