   iter       time(s)          bestCost  feasible      bestThisIter    feasAnts noImprove
---------------------------------------------------------------------------------------------
     10          0.42         286443.03       YES         286443.03          10         7
     20          4.22         286443.03       YES         286443.03          10        17
     30          7.80         286443.03       YES         286443.03          10        27
     40          8.30         286443.03       YES         289358.64          10         7
     50         12.13         286443.03       YES         286443.03          10        17
     60         15.68         286443.03       YES         286443.03          10        27
     70         16.08         286443.03       YES         287023.07          10         7
     80         19.88         286443.03       YES         286443.03          10        17
     90         23.53         286443.03       YES         286443.03          10        27
    100         24.01         286443.03       YES         287448.28          10         7
    110         27.84         286443.03       YES         286443.03          10        17
    120         31.40         286443.03       YES         286443.03          10        27
    130         31.80         286443.03       YES         288352.66          10         7
    140         35.50         286443.03       YES         288352.66          10        17
    150         39.11         286443.03       YES         286443.03          10        27
    160         39.55         286443.03       YES         286443.03          10         7
    170         43.20         286443.03       YES         286443.03          10        17
    180         46.90         286443.03       YES         286443.03          10        27
    190         47.34         286443.03       YES         289320.44          10         7
    200         50.77         286443.03       YES         286443.03          10        17
    210         54.26         286443.03       YES         286443.03          10        27
    220         54.79         286443.03       YES         287640.77          10         7
    230         58.63         286443.03       YES         286443.03          10        17
    240         62.13         286443.03       YES         286443.03          10        27
