   iter       time(s)          bestCost  feasible      bestThisIter    feasAnts noImprove
---------------------------------------------------------------------------------------------
     10          1.13          77389.65       YES          78262.06          10         9
     20          4.59          75672.41       YES          75672.41          10         2
     30          7.84          75672.41       YES          76341.94          10        12
     40          8.89          75672.41       YES          82218.62          10        22
     50         12.69          75672.41       YES          80040.01           9         2
     60         16.43          75672.41       YES          81264.14          10        12
     70         17.58          75672.41       YES          83134.06          10        22
     80         21.48          75672.41       YES          77519.31          10         2
     90         25.07          75672.41       YES          78265.55          10        12
    100         26.22          75672.41       YES          80385.83          10        22
    110         30.21          75672.41       YES          82000.99          10         2
    120         33.56          75672.41       YES          85669.02          10        12
    130         34.67          75672.41       YES          80303.10          10        22
    140         38.24          75296.70       YES          75296.70          10         2
    150         41.00          75296.70       YES          78387.00          10        12
    160         41.92          75296.70       YES          82740.56          10        22
    170         45.34          74997.36       YES          74997.36          20         2
    180         48.38          74997.36       YES          79521.43          10        12
    190         49.39          74997.36       YES          78183.61          10        22
    200         53.20          74997.36       YES          85930.01          10         2
    210         56.73          74997.36       YES          80886.23          10        12
    220         57.79          74997.36       YES          85105.42          10        22
