   iter       time(s)          bestCost  feasible      bestThisIter    feasAnts noImprove
---------------------------------------------------------------------------------------------
     10          0.70          10076.71       YES          10076.71          12         1
     20          3.94           9961.89       YES           9961.89          10         5
     30          6.76           9931.47       YES           9961.89          25         1
     40          7.15           9931.47       YES           9931.47          10        11
     50         10.55           9931.47       YES          10271.67          10        21
     60         13.62           9931.47       YES          10615.58          10         1
     70         14.34           9931.47       YES          10249.53          10        11
     80         17.66           9931.47       YES          10125.83          10        21
     90         20.96           9931.47       YES          10554.51          10         1
    100         21.69           9931.47       YES          10094.33          10        11
    110         24.75           9931.47       YES          10041.70          10        21
    120         28.19           9931.47       YES          10328.44          10         1
    130         28.96           9931.47       YES          10181.14          10        11
    140         31.84           9931.47       YES          10129.98          10        21
    150         35.41           9931.47       YES          10470.69          10         1
    160         36.10           9931.47       YES          10273.15          10        11
    170         38.94           9931.47       YES           9985.00          10        21
    180         41.93           9931.47       YES          10276.44          10         1
    190         42.61           9931.47       YES          10211.28          10        11
    200         45.85           9931.47       YES          10120.46          10        21
    210         49.13           9931.47       YES          10617.28          10         1
    220         49.88           9931.47       YES          10322.75          10        11
    230         52.86           9931.47       YES          10139.33          10        21
    240         55.80           9931.47       YES          10437.91          10         1
    250         56.64           9931.47       YES          10389.56          10        11
    260         60.02           9931.47       YES          10106.79          10        21
