47 48 49 50 73 74 75 76 77 93 94 
97 99 113 114 122 123 129 131 147 
7 8 9 10 17 18 19 21 23 40 
1 2 3 15 16 31 33 35 36 37 
119 120 121 130 132 135 136 144 145 146 149 
6 11 12 22 24 25 26 32 39 
44 55 56 57 58 65 66 67 68 81 112 
4 20 42 43 59 60 62 63 84 104 
41 61 64 85 86 105 106 107 108 109 110 
124 125 126 127 128 148 150 151 152 
5 13 14 27 28 29 30 34 38 
45 46 52 54 69 70 71 72 80 89 90 
117 118 133 134 137 138 139 140 141 142 143 
51 53 78 79 91 92 95 96 98 115 116 
82 83 87 88 100 101 102 103 111 
