   iter       time(s)          bestCost  feasible      bestThisIter    feasAnts noImprove
---------------------------------------------------------------------------------------------
     10          0.47         776561.61       YES         780885.64          10         8
     20          2.98         768818.66       YES         768818.66          16         6
     30          5.75         764595.65       YES         764595.65          12         5
     40          6.19         764595.65       YES         764595.65          12        15
     50          8.94         764595.65       YES         764595.65           8        25
     60         11.53         764595.65       YES         783706.70          10         5
     70         11.99         764595.65       YES         764595.65           9        15
     80         14.97         764595.65       YES         764595.65           9        25
     90         17.70         764595.65       YES         801117.75          10         5
    100         18.20         764595.65       YES         764595.65          10        15
    110         20.91         764595.65       YES         779736.94           9        25
    120         23.99         764595.65       YES         819512.13          10         5
    130         24.45         764595.65       YES         764595.65          12        15
    140         27.00         764595.65       YES         764595.65          12        25
    150         30.00         764595.65       YES         775630.08          10         5
    160         30.53         764595.65       YES         764595.65          10        15
    170         33.26         764595.65       YES         764595.65           9        25
    180         35.83         764595.65       YES         804674.53          10         5
    190         36.24         764595.65       YES         764595.65          10        15
    200         38.76         764595.65       YES         764595.65          10        25
    210         41.68         764595.65       YES         775696.20           9         5
    220         42.17         764595.65       YES         764595.65           9        15
    230         45.01         764595.65       YES         764595.65           9        25
    240         47.64         764595.65       YES         796462.79          10         5
    250         48.12         764595.65       YES         764595.65          10        15
    260         51.13         764595.65       YES         764595.65          12        25
    270         53.83         764595.65       YES         789521.63          10         5
    280         54.25         764595.65       YES         764595.65          10        15
    290         57.07         764595.65       YES         764595.65          10        25
    300         60.16         764182.11       YES         764182.11           9         2
