   iter       time(s)          bestCost  feasible      bestThisIter    feasAnts noImprove
---------------------------------------------------------------------------------------------
     10          1.17         187050.22       YES         187050.22          10         5
     20         14.25         186985.28       YES         186985.28          10         7
     30         25.46         186985.28       YES         186985.28          10        17
     40         26.15         186985.28       YES         186985.28          10        27
     50         36.92         186985.28       YES         187490.23          10         7
     60         46.86         186985.28       YES         186985.28          10        17
     70         47.40         186985.28       YES         187434.90          10        27
     80         57.50         186985.28       YES         187377.66          10         7
     90         67.16         186985.28       YES         187298.57          10        17
