   iter       time(s)          bestCost  feasible      bestThisIter    feasAnts noImprove
---------------------------------------------------------------------------------------------
     10          0.49          23788.72       YES          24087.49          10         6
     20          2.29          23751.60       YES          23751.60          10         5
     30          4.22          23751.60       YES          24429.53          10        15
     40          4.92          23751.60       YES          24244.39           9        25
     50          7.38          23751.60       YES          23836.09          10         5
     60          9.53          23751.60       YES          24418.53          10        15
     70         10.09          23751.60       YES          24878.35          10        25
     80         12.03          23751.60       YES          24692.51          10         5
     90         14.55          23751.60       YES          24294.75          10        15
    100         15.27          23751.60       YES          24001.33          10        25
    110         17.35          23751.60       YES          23915.78          10         5
    120         19.44          23751.60       YES          24034.02          10        15
    130         20.01          23751.60       YES          24566.32          10        25
    140         22.47          23751.60       YES          26103.35          10         5
    150         24.87          23751.60       YES          23836.09          10        15
    160         25.46          23751.60       YES          25160.75          10        25
    170         27.47          23751.60       YES          25143.60          10         5
    180         29.85          23751.60       YES          23751.60          10        15
    190         30.55          23751.60       YES          25085.92          10        25
    200         32.79          23751.60       YES          27416.95          10         5
    210         34.86          23751.60       YES          24492.10          10        15
    220         35.40          23751.60       YES          24416.42          10        25
    230         37.73          23751.60       YES          24362.74          10         5
    240         40.21          23751.60       YES          24772.99          10        15
    250         40.74          23751.60       YES          25520.39          10        25
    260         42.77          23751.60       YES          25438.49          10         5
    270         45.02          23751.60       YES          24713.28          10        15
    280         45.72          23751.60       YES          24286.59          10        25
    290         48.06          23751.60       YES          24439.25          10         5
    300         50.11          23751.60       YES          24378.60          10        15
    310         50.65          23751.60       YES          24910.01          10        25
    320         52.77          23751.60       YES          25006.77          10         5
    330         55.32          23751.60       YES          23751.60          10        15
    340         56.03          23751.60       YES          24645.14          10        25
    350         58.05          23751.60       YES          24765.69          10         5
    360         60.20          23751.60       YES          25183.75          10        15
