   iter       time(s)          bestCost  feasible      bestThisIter    feasAnts noImprove
---------------------------------------------------------------------------------------------
     10          1.22         316527.46       YES         316527.46          10         0
     20          7.31         310257.78       YES         310257.78          12         1
     30         13.49         307147.90       YES         310735.41          10         0
     40         14.83         306734.44       YES         306734.44          10         6
     50         21.30         306734.44       YES         320442.67          10        16
     60         27.99         306734.44       YES         307561.65          10        26
     70         29.62         306734.44       YES         323023.40          10         6
     80         36.21         306734.44       YES         319563.66          10        16
     90         42.80         306734.44       YES         316572.52          10        26
    100         44.42         306734.44       YES         326786.18          10         6
    110         51.26         306734.44       YES         321399.30          10        16
    120         57.78         306734.44       YES         319080.46          10        26
    130         59.59         306734.44       YES         344631.00          10         6
