   iter       time(s)          bestCost  feasible      bestThisIter    feasAnts noImprove
---------------------------------------------------------------------------------------------
     10          1.83         571053.13       YES         576557.89          10         3
     20         11.37         551975.77       YES         551975.77           9         0
     30         21.02         546107.82       YES         551591.56           9         0
     40         22.13         545004.16       YES         545004.16           9         3
     50         31.63         540956.96       YES         540956.96           9         5
     60         41.13         540956.96       YES         577493.56          10        15
     70         42.66         540956.96       YES         585538.64          10        25
     80         53.14         540956.96       YES         589822.16          10         5
     90         64.02         540956.96       YES         540956.96          10        15
