   iter       time(s)          bestCost  feasible      bestThisIter    feasAnts noImprove
---------------------------------------------------------------------------------------------
     10          0.97         141137.54       YES         148215.89          10         7
     20          4.35         136710.48       YES         136710.48          13         2
     30          8.08         136710.48       YES         139063.42          10        12
     40          9.06         136710.48       YES         144900.40          10        22
     50         13.01         136710.48       YES         148315.60          10         2
     60         17.12         135022.99       YES         146496.13          10         0
     70         17.80         135022.99       YES         141498.54          10        10
     80         21.40         133644.16       YES         133644.16          13         3
     90         24.87         133644.16       YES         140858.59          10        13
    100         25.93         133644.16       YES         145212.28          10        23
    110         30.14         133644.16       YES         138509.50          10         3
    120         34.16         133644.16       YES         145959.91          10        13
    130         35.22         133644.16       YES         144894.02          10        23
    140         39.67         133644.16       YES         153740.82          10         3
    150         43.35         133644.16       YES         144019.13          10        13
    160         44.67         133644.16       YES         150181.99          10        23
    170         48.66         133644.16       YES         151650.48          10         3
    180         52.63         133644.16       YES         148474.19          10        13
    190         53.96         133644.16       YES         143757.91          10        23
    200         57.77         133644.16       YES         142216.28          10         3
    210         62.17         133644.16       YES         149513.14          10        13
