66 67 68 79 80 81 82 83 84 93 95 96 
1 2 3 4 5 6 14 15 16 17 18 19 27 29 
139 140 141 152 153 154 155 156 165 166 167 168 169 180 
46 58 59 60 61 62 69 70 71 72 73 85 86 
7 8 9 10 11 20 21 22 23 24 32 33 34 
87 97 98 99 100 101 111 112 113 124 125 
160 170 171 172 173 174 183 184 185 186 187 188 189 
102 103 104 114 115 116 117 126 127 128 129 130 142 143 
92 94 105 106 107 108 109 110 118 119 120 121 122 
136 137 138 149 150 151 159 161 162 163 164 175 
123 131 132 133 134 135 144 145 146 147 148 157 158 
12 13 25 26 35 36 37 38 39 48 50 51 52 
47 49 63 64 65 74 75 76 77 78 88 89 90 91 
28 30 31 40 41 42 43 44 45 53 54 55 56 57 
176 177 178 179 181 182 190 191 192 193 194 195 
