142 143 144 145 146 147 148 149 152 153 160 162 
1 2 3 4 5 6 7 8 9 
10 11 12 13 40 41 57 58 69 
127 186 187 188 189 190 191 192 193 
59 70 71 72 85 86 87 99 100 
108 109 124 125 126 167 168 169 170 
31 36 38 39 45 46 47 52 54 61 62 65 
173 174 175 176 177 180 181 182 183 
42 43 44 55 56 60 67 68 73 84 
138 139 154 155 156 157 158 159 161 
22 25 26 27 28 29 30 32 33 34 35 37 
48 49 50 51 63 64 76 77 79 80 
136 137 150 151 163 164 165 166 172 
128 129 130 131 132 133 134 135 140 141 171 
14 15 16 17 18 19 20 21 23 24 
110 115 116 117 118 119 120 121 122 123 
53 66 74 75 82 83 88 89 97 98 
178 179 184 185 194 195 196 197 198 
92 103 104 105 106 107 111 112 113 114 
78 81 90 91 93 94 95 96 101 102 
