   iter       time(s)          bestCost  feasible      bestThisIter    feasAnts noImprove
---------------------------------------------------------------------------------------------
     10          1.06         101721.17       YES         101721.17          10         0
     20          5.82         100404.53       YES         100404.53          10         1
     30         10.81         100404.53       YES         100534.09          10        11
     40         11.54         100404.53       YES         102171.76          10        21
     50         16.73         100404.53       YES         109375.06          10         1
     60         21.71         100404.53       YES         102854.00          10        11
     70         22.71         100404.53       YES         102955.19          10        21
     80         27.76         100404.53       YES         107244.94          10         1
     90         33.21         100404.53       YES         101898.57          10        11
    100         34.02         100404.53       YES         102954.63          10        21
    110         38.80         100065.12       YES         100065.12          29         2
    120         43.56         100065.12       YES         100065.12          10        12
    130         44.37         100065.12       YES         102299.28          10        22
    140         49.74         100065.12       YES         105269.51          10         2
    150         54.81         100065.12       YES         103692.96          10        12
    160         55.80         100065.12       YES         101224.08          10        22
