   iter       time(s)          bestCost  feasible      bestThisIter    feasAnts noImprove
---------------------------------------------------------------------------------------------
     10          2.37           4322.26       YES           4521.83          10         2
     20         11.37           4205.74       YES           4227.77          10         1
     30         20.38           4172.92       YES           4221.68          10         0
     40         22.86           4172.92       YES           4290.21          10        10
     50         32.86           4172.92       YES           4654.66          10        20
     60         43.16           4172.92       YES           4527.05          10        30
     70         46.50           4172.92       YES           4801.42          10        10
     80         56.78           4172.92       YES           4537.56          10        20
     90         67.21           4172.92       YES           4695.65          10        30
