10 38 53 79 84 106 113 
24 36 59 99 102 104 111 
7 9 12 27 57 86 117 149 
39 68 73 85 116 135 
2 40 44 50 54 64 69 114 144 
11 15 17 21 72 74 127 141 
8 56 75 97 119 122 139 143 
25 51 58 61 87 125 140 145 
31 42 80 89 133 138 148 
16 18 22 70 88 94 134 137 
5 37 52 78 96 147 
28 67 81 93 105 108 142 
13 33 76 82 95 103 126 146 
29 30 101 107 112 121 132 
3 14 41 48 71 100 136 
34 43 46 55 83 115 120 123 128 
1 6 49 63 90 92 130 
20 35 60 62 77 110 150 
4 19 26 65 66 118 124 129 
23 32 45 47 91 98 109 131 
