   iter       time(s)          bestCost  feasible      bestThisIter    feasAnts noImprove
---------------------------------------------------------------------------------------------
     10          1.67          34882.19       YES          37372.17          10         4
     20          7.91          33589.67       YES          33589.67          13         0
     30         14.35          33589.67       YES          33589.67          10        10
     40         16.23          33589.67       YES          35739.79          10        20
     50         23.25          33458.53       YES          34268.24          10         5
     60         30.13          33161.48       YES          36027.05          10         0
     70         31.24          33161.48       YES          35199.15          10        10
     80         38.10          33161.48       YES          36699.04          10        20
     90         45.22          33161.48       YES          36740.37          10        30
    100         47.21          33161.48       YES          36986.86          10        10
    110         54.23          33161.48       YES          37048.89          10        20
    120         61.37          33161.48       YES          36741.66          10        30
