   iter       time(s)          bestCost  feasible      bestThisIter    feasAnts noImprove
---------------------------------------------------------------------------------------------
     10          1.69         995937.22       YES        1002080.79          10         5
     20          9.93         960404.57       YES         960404.57          12         3
     30         18.25         959629.28       YES         971335.06          10         9
     40         19.76         959629.28       YES        1009635.81          10        19
     50         28.53         959629.28       YES         985968.88          10        29
     60         37.55         959629.28       YES        1026703.46          10         9
     70         39.26         959629.28       YES         979898.83          10        19
     80         47.94         959629.28       YES        1003235.76          10        29
     90         57.12         959629.28       YES         991796.84          10         9
    100         58.83         959629.28       YES         975810.03          10        19
