   iter       time(s)          bestCost  feasible      bestThisIter    feasAnts noImprove
---------------------------------------------------------------------------------------------
     10          1.23         100328.38       YES         101505.45          10         2
     20          7.08          96631.51       YES          97886.56          10         2
     30         13.01          96631.51       YES          96631.51          10        12
     40         14.04          96631.51       YES         100329.73          10        22
     50         20.40          96631.51       YES          99214.19          10         2
     60         27.09          96631.51       YES          99493.46          10        12
     70         28.24          96631.51       YES          97517.51          10        22
     80         34.83          96631.51       YES          98752.13          10         2
     90         41.34          96631.51       YES          99021.64          10        12
    100         42.58          96631.51       YES          98711.70          10        22
    110         48.95          96631.51       YES         103253.19          10         2
    120         55.71          96631.51       YES          99936.67          10        12
    130         57.05          96631.51       YES         103444.35          10        22
