   iter       time(s)          bestCost  feasible      bestThisIter    feasAnts noImprove
---------------------------------------------------------------------------------------------
     10          0.40        3021378.31       YES        3024138.17          10         7
     20          3.07        3021378.31       YES        3021378.31          10        17
     30          6.19        3021378.31       YES        3021378.31          10        27
     40          6.73        3021378.31       YES        3023671.58          10         7
     50          9.59        3021378.31       YES        3021378.31          10        17
     60         12.42        3021378.31       YES        3021378.31          10        27
     70         12.99        3021378.31       YES        3024138.17          10         7
     80         16.18        3021378.31       YES        3021378.31          10        17
     90         18.85        3021378.31       YES        3021378.31           9        27
    100         19.30        3021378.31       YES        3024138.17          10         7
    110         22.62        3021378.31       YES        3021378.31          10        17
    120         25.57        3021378.31       YES        3036488.53          10        27
    130         25.99        3021378.31       YES        3024138.17          10         7
    140         28.97        3021378.31       YES        3021378.31          10        17
    150         32.20        3021378.31       YES        3021378.31          10        27
    160         32.66        3021378.31       YES        3112622.01          10         7
    170         35.34        3021378.31       YES        3021378.31          10        17
    180         38.50        3021378.31       YES        3021378.31          10        27
    190         39.11        3021378.31       YES        3021378.31          10         7
    200         41.94        3021378.31       YES        3021378.31          10        17
    210         44.84        3021378.31       YES        3024138.17          10        27
    220         45.39        3021378.31       YES        3021378.31          10         7
    230         48.54        3021378.31       YES        3021378.31          10        17
    240         51.25        3021378.31       YES        3021378.31          10        27
    250         51.70        3021378.31       YES        3099240.05          10         7
    260         55.01        3021378.31       YES        3021378.31          10        17
    270         57.83        3021378.31       YES        3021378.31          10        27
    280         58.31        3021378.31       YES        3114773.60          10         7
