11 13 14 16 17 141 143 146 147 149 
109 110 111 113 114 115 116 117 119 122 124 
7 8 9 10 12 144 145 148 152 155 
1 125 126 127 128 129 130 150 158 159 
2 3 4 5 6 151 153 154 156 157 
33 36 37 38 39 40 131 133 135 137 138 
87 88 91 92 93 94 106 107 108 112 118 
46 47 48 50 52 54 73 74 89 90 
41 42 43 44 45 49 120 121 123 132 134 
71 77 78 80 81 82 83 84 85 86 
51 53 55 56 57 58 59 60 61 62 63 66 
95 96 97 98 99 100 101 102 103 104 105 
64 65 67 68 69 70 72 75 76 79 
15 18 19 22 31 34 35 136 139 140 142 
20 21 23 24 25 26 27 28 29 30 32 
