   iter       time(s)          bestCost  feasible      bestThisIter    feasAnts noImprove
---------------------------------------------------------------------------------------------
     10          2.26         951853.20       YES         951853.20          10         0
     20         11.13         929501.52       YES         934655.17          10         5
     30         19.94         929501.52       YES        1048139.54          10        15
     40         22.68         929501.52       YES         995343.61          10        25
     50         32.11         926739.02       YES         926739.02          10         5
     60         41.37         923081.21       YES         973867.96          10         0
     70         43.01         923081.21       YES         928932.01          10        10
     80         52.13         915978.79       YES         940686.92          10         5
     90         60.47         907009.18       YES         909650.12          10         0
