   iter       time(s)          bestCost  feasible      bestThisIter    feasAnts noImprove
---------------------------------------------------------------------------------------------
     10          0.84         380206.69       YES         380206.69          10         7
     20          7.94         380206.69       YES         380206.69          10        17
     30         15.11         380206.69       YES         380572.11           9        27
     40         16.01         380206.69       YES         383679.57          10         7
     50         23.69         380206.69       YES         380206.69          10        17
     60         30.59         380206.69       YES         380206.69          10        27
     70         31.55         380206.69       YES         387578.65          10         7
     80         38.85         380206.69       YES         380206.69          10        17
     90         45.82         380206.69       YES         380206.69          10        27
    100         46.89         380206.69       YES         386471.94          10         7
    110         53.98         380206.69       YES         380206.69          10        17
    120         61.69         380206.69       YES         380206.69          10        27
