   iter       time(s)          bestCost  feasible      bestThisIter    feasAnts noImprove
---------------------------------------------------------------------------------------------
     10          1.68          12623.55       YES          12623.55           9         0
     20          8.97          12333.54       YES          12333.54          10         5
     30         15.89          12272.72       YES          13138.61          10         0
     40         17.31          12232.38       YES          12443.59           9         7
     50         25.30          12232.38       YES          13122.21          10        17
     60         33.62          12232.38       YES          13594.73          10        27
     70         36.67          12232.38       YES          13008.26          10         7
     80         45.32          12232.38       YES          12963.49          10        17
     90         53.79          12176.96       YES          13286.66          10         0
    100         55.45          12155.05       YES          12155.05          10         7
