   iter       time(s)          bestCost  feasible      bestThisIter    feasAnts noImprove
---------------------------------------------------------------------------------------------
     10          1.23          12310.84       YES          12351.50          10         1
     20          8.06          12193.33       YES          12193.33          13         3
     30         14.84          12193.33       YES          12193.33          10        13
     40         15.98          12193.33       YES          12377.66          10        23
     50         24.02          12193.33       YES          12557.44          10         3
     60         31.54          12193.33       YES          12254.68          10        13
     70         32.69          12193.33       YES          12358.22          10        23
     80         39.35          12193.33       YES          12561.65          10         3
     90         46.85          12193.33       YES          12510.65          10        13
    100         48.17          12193.33       YES          12407.36          10        23
    110         54.11          12149.49       YES          12149.49          11         5
    120         59.74          12149.49       YES          12199.64          10        15
