   iter       time(s)          bestCost  feasible      bestThisIter    feasAnts noImprove
---------------------------------------------------------------------------------------------
     10          1.80          82299.88       YES          82958.14          10         1
     20          5.92          79486.44       YES          81431.50          10         1
     30         10.59          78596.66       YES          81367.50          10         0
     40         11.77          78434.40       YES          78434.40          10         5
     50         16.02          78434.40       YES          87374.29          10        15
     60         21.05          78434.40       YES          90883.09          10        25
     70         22.77          78434.40       YES          94625.26          10         5
     80         27.93          78434.40       YES          88820.06          10        15
     90         32.59          78434.40       YES          83112.27          10        25
    100         34.64          78434.40       YES          84824.99          10         5
    110         39.40          78434.40       YES          90786.79          10        15
    120         44.56          78434.40       YES          88012.48           9        25
    130         46.20          78434.40       YES          88413.37          10         5
    140         51.55          78434.40       YES          82377.90          10        15
    150         56.09          78434.40       YES          87794.17          10        25
    160         58.21          78434.40       YES          93018.99          10         5
