39 40 41 42 43 44 45 123 134 135 136 
85 88 89 90 91 92 93 94 99 107 
20 21 24 25 26 27 28 29 30 
1 2 3 4 5 6 125 126 156 157 158 159 
95 96 98 100 101 102 103 104 105 106 
114 122 124 127 128 129 130 131 132 133 
7 8 9 147 148 150 151 152 153 154 155 
64 65 66 67 68 69 70 71 72 73 75 76 
46 47 48 49 50 51 52 55 119 120 
10 11 12 13 140 143 144 145 146 149 
77 78 79 80 81 82 83 84 86 87 97 
14 15 16 17 18 19 22 23 31 142 
32 33 34 35 36 37 38 137 138 139 141 
108 109 110 111 112 113 115 116 117 118 121 
53 54 56 57 58 59 60 61 62 63 74 
