   iter       time(s)          bestCost  feasible      bestThisIter    feasAnts noImprove
---------------------------------------------------------------------------------------------
     10          1.37           6973.33       YES           6973.33          12         0
     20          5.92           6755.64       YES           6755.64          10         5
     30         10.99           6755.64       YES           7058.13          10        15
     40         12.72           6755.64       YES           7686.33          10        25
     50         18.03           6755.64       YES           7216.56          10         5
     60         23.52           6755.64       YES           7059.28          10        15
     70         25.24           6755.64       YES           7470.95          10        25
     80         30.72           6755.64       YES           7320.21          10         5
     90         36.53           6755.64       YES           7119.10          10        15
    100         37.99           6755.64       YES           6843.47          10        25
    110         43.70           6755.64       YES           7423.91          10         5
    120         48.97           6755.64       YES           7322.74          10        15
    130         50.52           6755.64       YES           7397.95          10        25
    140         56.38           6755.64       YES           7268.04          10         5
    150         61.78           6755.64       YES           7096.88          10        15
