   iter       time(s)          bestCost  feasible      bestThisIter    feasAnts noImprove
---------------------------------------------------------------------------------------------
     10          1.96         688388.35       YES         711617.32          10         8
     20          8.92         670485.65       YES         670485.65          10         5
     30         15.38         666716.93       YES         668252.64          10         0
     40         16.39         665879.43       YES         673414.45          10         1
     50         23.27         665879.43       YES         673414.45          10        11
     60         30.72         665879.43       YES         687008.20          10        21
     70         32.35         665879.43       YES         734918.67          10         1
     80         40.07         665879.43       YES         722998.50          10        11
     90         47.58         665879.43       YES         688109.34          10        21
    100         49.24         665879.43       YES         722549.29          10         1
    110         56.97         665879.43       YES         742460.68          10        11
    120         64.58         665879.43       YES         702559.97          10        21
