   iter       time(s)          bestCost  feasible      bestThisIter    feasAnts noImprove
---------------------------------------------------------------------------------------------
     10          1.71         563545.31       YES         570205.94          10         1
     20          6.92         556729.96       YES         556729.96          10         4
     30         12.48         554408.63       YES         555067.75          10         0
     40         13.34         553653.76       YES         556376.68          10         6
     50         19.35         553653.76       YES         586103.01          10        16
     60         25.62         553653.76       YES         588554.39          10        26
     70         27.37         553653.76       YES         572091.34          10         6
     80         33.87         553653.76       YES         570961.24          10        16
     90         39.89         553653.76       YES         575899.48          10        26
    100         42.01         553653.76       YES         599867.67          10         6
    110         48.37         553653.76       YES         586989.36          10        16
    120         54.82         553653.76       YES         590935.53          10        26
    130         57.01         553653.76       YES         595525.01          10         6
