   iter       time(s)          bestCost  feasible      bestThisIter    feasAnts noImprove
---------------------------------------------------------------------------------------------
     10          1.16         131139.85       YES         131139.85          10         0
     20          4.36         127379.41       YES         127597.66          15         2
     30          8.02         127379.41       YES         127379.41          10        12
     40          9.31         127379.41       YES         130319.88          10        22
     50         13.02         127379.41       YES         136031.69           9         2
     60         16.82         127379.41       YES         139739.58          10        12
     70         18.06         127379.41       YES         128972.83          10        22
     80         22.37         127379.41       YES         130778.40          10         2
     90         26.39         127379.41       YES         142720.84          10        12
    100         27.78         127379.41       YES         130476.42          10        22
    110         31.85         127379.41       YES         136848.74          10         2
    120         35.73         127379.41       YES         133821.86          10        12
    130         36.80         127379.41       YES         136140.15          10        22
    140         41.07         127379.41       YES         141840.16          10         2
    150         45.09         127379.41       YES         133811.91          10        12
    160         46.24         127379.41       YES         134351.38          10        22
    170         50.54         127379.41       YES         137858.13          10         2
    180         54.40         127379.41       YES         137021.38          10        12
    190         55.68         127379.41       YES         142728.50          10        22
    200         59.78         127024.01       YES         127379.41          10         2
