   iter       time(s)          bestCost  feasible      bestThisIter    feasAnts noImprove
---------------------------------------------------------------------------------------------
     10          0.65          86730.20       YES          87324.05          10         2
     20          3.05          84813.89       YES          84813.89          10         5
     30          5.11          84813.89       YES          84813.89          10        15
     40          5.61          84813.89       YES          84864.61          10        25
     50          8.39          84813.89       YES          88928.28          10         5
     60         10.72          84813.89       YES          88155.42          10        15
     70         11.18          84813.89       YES          84886.79          10        25
     80         13.49          84813.89       YES          91888.89          10         5
     90         15.99          84813.89       YES          84813.89          10        15
    100         16.59          84813.89       YES          88470.76          10        25
    110         19.04          84813.89       YES          86167.65          10         5
    120         21.16          84813.89       YES          87806.43          10        15
    130         21.69          84813.89       YES          86002.34          10        25
    140         24.59          84813.89       YES          89398.75          10         5
    150         27.00          84813.89       YES          85787.92          10        15
    160         27.70          84813.89       YES          88887.82          10        25
    170         29.77          84813.89       YES          89768.77          10         5
    180         32.59          84813.89       YES          84886.79          10        15
    190         33.13          84813.89       YES          84813.89          10        25
    200         35.32          84813.89       YES          88975.52          10         5
    210         37.67          84813.89       YES          87958.03          10        15
    220         38.24          84813.89       YES          87322.02          10        25
    230         40.89          84813.89       YES          90062.89          10         5
    240         43.45          84813.89       YES          87144.80          10        15
    250         43.91          84813.89       YES          86935.42          10        25
    260         46.11          84813.89       YES          89687.78          10         5
    270         48.81          84813.89       YES          86656.19          10        15
    280         49.39          84813.89       YES          84813.89          10        25
    290         51.67          84813.89       YES          87628.36          10         5
    300         53.92          84813.89       YES          84813.89          10        15
    310         54.51          84813.89       YES          86045.79          10        25
    320         57.29          84813.89       YES          88707.69          10         5
    330         59.59          84813.89       YES          84886.79          10        15
