   iter       time(s)          bestCost  feasible      bestThisIter    feasAnts noImprove
---------------------------------------------------------------------------------------------
     10          2.07         522927.50       YES         546652.01          10         1
     20          8.58         507717.14       YES         507717.14          10         0
     30         15.45         503977.97       YES         520412.74          10         9
     40         17.38         503977.97       YES         539849.42          10        19
     50         26.55         503977.97       YES         560536.85          10        29
     60         33.62         503977.97       YES         546275.07          10         9
     70         35.93         503977.97       YES         550520.47          10        19
     80         43.61         503977.97       YES         544414.89          10        29
     90         52.94         503977.97       YES         575652.34          10         9
    100         55.58         503977.97       YES         530120.92          10        19
