   iter       time(s)          bestCost  feasible      bestThisIter    feasAnts noImprove
---------------------------------------------------------------------------------------------
     10          1.40        1711558.08       YES        1711558.08          10         0
     20          9.85        1620877.13       YES        1679586.20          10         2
     30         17.77        1580443.40       YES        1590942.64          28         1
     40         18.69        1569911.33       YES        1569911.33          10         6
     50         26.75        1563053.43       YES        1563053.43          11         5
     60         34.73        1563053.43       YES        1643696.55          10        15
     70         36.44        1563053.43       YES        1656697.57          10        25
     80         44.96        1563053.43       YES        1724575.87          10         5
     90         53.97        1563053.43       YES        1616964.12          10        15
    100         55.44        1563053.43       YES        1676533.37          10        25
