   iter       time(s)          bestCost  feasible      bestThisIter    feasAnts noImprove
---------------------------------------------------------------------------------------------
     10          0.98          97463.85       YES         104214.59          10         7
     20          4.67          94041.09       YES          94041.09          13         5
     30          8.49          94041.09       YES          96372.52           9        15
     40          9.56          94041.09       YES          94041.09          10        25
     50         13.23          94041.09       YES          98671.73          10         5
     60         17.36          93897.03       YES          93897.03          13         4
     70         18.23          93879.14       YES          93879.14          12         6
     80         21.62          93879.14       YES          93879.14           8        16
     90         25.13          93879.14       YES          96350.96          10        26
    100         26.07          93879.14       YES         103441.75          10         6
    110         30.43          93879.14       YES          98642.79          10        16
    120         33.79          91657.99       YES          91657.99          10         9
    130         34.47          91578.92       YES          91578.92          11         6
    140         38.51          91578.92       YES          91578.92          10        16
    150         42.01          91578.92       YES          96149.22          10        26
    160         43.06          91578.92       YES         101359.80          10         6
    170         47.31          91578.92       YES          91578.92          10        16
    180         50.86          91578.92       YES          94192.12          10        26
    190         51.94          91578.92       YES         103981.78          10         6
    200         56.07          91578.92       YES          91657.99          10        16
    210         59.75          91578.92       YES         100303.63          10        26
