   iter       time(s)          bestCost  feasible      bestThisIter    feasAnts noImprove
---------------------------------------------------------------------------------------------
     10          1.08          78016.52       YES          78016.52          10         2
     20          4.29          78016.52       YES          84929.35          10        12
     30          7.91          78016.52       YES          84882.81          10        22
     40          9.37          78016.52       YES          86007.19           9         2
     50         12.56          77186.72       YES          78494.86          10         5
     60         16.17          77186.72       YES          87613.42          10        15
     70         17.56          77186.72       YES          82866.96          10        25
     80         20.81          77186.72       YES          95168.93          10         5
     90         24.66          77186.72       YES          85150.69           9        15
    100         25.96          77186.72       YES          85212.10          10        25
    110         29.25          77186.72       YES          83933.42          10         5
    120         33.30          77186.72       YES          82757.10          10        15
    130         34.64          77186.72       YES          84839.45          10        25
    140         37.73          77140.39       YES          77140.39          10         5
    150         41.38          77140.39       YES          85481.27          10        15
    160         42.46          77140.39       YES          83608.60          10        25
    170         45.91          77140.39       YES          84015.33          10         5
    180         49.83          76983.31       YES          84411.68          10         0
    190         50.58          75931.85       YES          75931.85          10         1
    200         53.47          75885.52       YES          75885.52          10         8
    210         57.19          75885.52       YES          87339.23          10        18
    220         58.43          75885.52       YES          82935.59          10        28
