   iter       time(s)          bestCost  feasible      bestThisIter    feasAnts noImprove
---------------------------------------------------------------------------------------------
     10          0.42        4470967.22       YES        4476164.79          12         1
     20          3.49        4470967.22       YES        4470967.22          11        11
     30          7.19        4470967.22       YES        4470967.22          10        21
     40          7.51        4470967.22       YES        4635900.54          10         1
     50         10.81        4470967.22       YES        4470967.22          10        11
     60         14.46        4470967.22       YES        4470967.22          10        21
     70         14.82        4470967.22       YES        4514062.80          10         1
     80         18.16        4470967.22       YES        4470967.22          10        11
     90         21.66        4470967.22       YES        4470967.22          10        21
    100         22.06        4470967.22       YES        4561604.57          10         1
    110         25.53        4470967.22       YES        4470967.22          10        11
    120         28.86        4470967.22       YES        4470967.22          10        21
    130         29.28        4470967.22       YES        4501647.91          10         1
    140         32.93        4470967.22       YES        4482064.58          10        11
    150         36.10        4470967.22       YES        4470967.22          10        21
    160         36.47        4470967.22       YES        4491388.91          10         1
    170         40.26        4470967.22       YES        4470967.22          10        11
    180         43.36        4470967.22       YES        4470967.22          10        21
    190         43.72        4470967.22       YES        4669956.00          10         1
    200         47.58        4470967.22       YES        4470967.22          10        11
    210         50.65        4470967.22       YES        4470967.22          10        21
    220         50.98        4470967.22       YES        4543443.01          10         1
    230         54.78        4470967.22       YES        4470967.22          10        11
    240         57.91        4470967.22       YES        4470967.22          10        21
    250         58.22        4470967.22       YES        4525691.38          10         1
