1 12 27 40 53 125 137 
28 38 39 56 101 119 124 126 
13 31 65 77 107 115 147 
34 58 88 98 109 114 145 148 
22 62 83 108 113 134 138 
8 17 25 42 90 106 112 
76 94 95 111 121 123 129 139 
7 9 24 32 78 117 132 142 
44 48 66 84 96 103 105 128 
21 30 35 59 89 118 131 
2 23 68 70 91 102 122 
11 45 52 87 97 144 150 
15 20 64 67 79 85 110 130 
16 37 51 63 82 127 135 146 
10 19 36 49 92 99 141 143 
18 26 29 46 61 93 120 
14 33 57 69 74 81 100 136 
6 47 54 55 75 80 104 149 
3 4 41 60 73 116 140 
5 43 50 71 72 86 133 
