   iter       time(s)          bestCost  feasible      bestThisIter    feasAnts noImprove
---------------------------------------------------------------------------------------------
     10          0.52          56901.21       YES          57236.15          10         1
     20          4.64          56901.21       YES          56901.21          12        11
     30          8.19          56901.21       YES          56901.21          10        21
     40          8.65          56901.21       YES          58658.03          10         1
     50         12.86          56901.21       YES          57470.01          10        11
     60         16.42          56901.21       YES          56901.21          10        21
     70         16.98          56901.21       YES          57717.83          10         1
     80         21.13          56901.21       YES          57680.28          10        11
     90         24.83          56901.21       YES          56901.21          10        21
    100         25.39          56901.21       YES          58216.45          10         1
    110         29.85          56901.21       YES          57900.59          10        11
    120         33.73          56901.21       YES          57297.88          10        21
    130         34.19          56901.21       YES          58234.41          10         1
    140         38.13          56901.21       YES          56901.21          10        11
    150         41.94          56901.21       YES          56901.21          10        21
    160         42.47          56901.21       YES          59899.55          10         1
    170         46.55          56901.21       YES          57467.02          10        11
    180         50.38          56901.21       YES          56901.21          11        21
    190         50.82          56901.21       YES          57456.82          10         1
    200         54.82          56901.21       YES          57373.75          10        11
    210         58.64          56901.21       YES          57369.12          10        21
    220         59.04          56901.21       YES          58368.38          10         1
