   iter       time(s)          bestCost  feasible      bestThisIter    feasAnts noImprove
---------------------------------------------------------------------------------------------
     10          0.77           5983.95       YES           5983.95          10         3
     20          5.25           5937.81       YES           5937.81          10         5
     30          9.10           5937.81       YES           6040.28          10        15
     40          9.82           5937.81       YES           6042.91          10        25
     50         13.83           5913.49       YES           5913.49          10         5
     60         18.28           5886.99       YES           5886.99          14         4
     70         18.81           5886.99       YES           5926.77          10        14
     80         22.84           5886.99       YES           6059.19          10        24
     90         27.33           5886.99       YES           5974.01          10         4
    100         28.45           5886.99       YES           5912.93          10        14
    110         32.68           5886.99       YES           6004.91          10        24
    120         37.64           5886.99       YES           6054.27          10         4
    130         38.61           5886.99       YES           5993.95          10        14
    140         42.89           5886.99       YES           5981.43          10        24
    150         47.47           5886.99       YES           5990.56          10         4
    160         48.38           5886.99       YES           5913.65          10        14
    170         53.10           5886.99       YES           6003.43          10        24
    180         57.27           5886.99       YES           6161.40          10         4
    190         58.50           5886.99       YES           6049.88          10        14
