   iter       time(s)          bestCost  feasible      bestThisIter    feasAnts noImprove
---------------------------------------------------------------------------------------------
     10          1.98         377320.14       YES         414683.81          10         7
     20          8.49         312786.79       YES         312786.79           9         2
     30         14.52         309442.41       YES         318384.21           9         9
     40         16.33         309442.41       YES         350057.29          10        19
     50         23.03         309442.41       YES         412127.94          10        29
     60         30.14         309442.41       YES         401872.19          10         9
     70         32.24         309442.41       YES         413895.97          10        19
     80         39.55         309442.41       YES         402837.10          10        29
     90         46.66         309442.41       YES         398129.81          10         9
    100         48.95         309442.41       YES         406774.78          10        19
    110         55.54         309442.41       YES         421158.20          10        29
    120         62.62         309442.41       YES         421099.38          10         9
