   iter       time(s)          bestCost  feasible      bestThisIter    feasAnts noImprove
---------------------------------------------------------------------------------------------
     10          0.47        4351115.89       YES        4351115.89          10         6
     20          3.33        4351115.89       YES        4351115.89           9        16
     30          6.26        4351115.89       YES        4351115.89          10        26
     40          6.71        4351115.89       YES        4351115.89          10         6
     50          9.24        4351115.89       YES        4351115.89          10        16
     60         11.77        4351115.89       YES        4351115.89          10        26
     70         12.24        4351115.89       YES        4398461.67          10         6
     80         15.18        4351115.89       YES        4351115.89          10        16
     90         17.59        4351115.89       YES        4351115.89          10        26
    100         18.02        4351115.89       YES        4416093.17          10         6
    110         20.76        4351115.89       YES        4351115.89          10        16
    120         23.78        4351115.89       YES        4351115.89          10        26
    130         24.29        4351115.89       YES        4385307.54          10         6
    140         27.31        4351115.89       YES        4351115.89          10        16
    150         29.77        4351115.89       YES        4351115.89          10        26
    160         30.16        4351115.89       YES        4404921.30          10         6
    170         32.91        4351115.89       YES        4351115.89          10        16
    180         35.74        4351115.89       YES        4351115.89          10        26
    190         36.13        4351115.89       YES        4390116.61          10         6
    200         38.62        4351115.89       YES        4351115.89          10        16
    210         41.49        4351115.89       YES        4351115.89          10        26
    220         41.96        4351115.89       YES        4397247.22          10         6
    230         44.61        4351115.89       YES        4351115.89          10        16
    240         47.07        4351115.89       YES        4351115.89          10        26
    250         47.55        4351115.89       YES        4383325.75          10         6
    260         50.53        4351115.89       YES        4351115.89          10        16
    270         53.16        4351115.89       YES        4351115.89          10        26
    280         53.53        4351115.89       YES        4373860.44          10         6
    290         56.24        4351115.89       YES        4351115.89          10        16
    300         59.27        4351115.89       YES        4351115.89          10        26
    310         59.64        4351115.89       YES        4399380.16          10         6
