   iter       time(s)          bestCost  feasible      bestThisIter    feasAnts noImprove
---------------------------------------------------------------------------------------------
     10          0.34          16863.47       YES          16863.47          10         5
     20          2.29          16863.47       YES          16863.47          10        15
     30          4.60          16863.47       YES          16863.47          10        25
     40          4.95          16849.01       YES          16941.36          10         1
     50          7.22          16849.01       YES          16849.01          11        11
     60          9.13          16849.01       YES          16849.01           9        21
     70          9.38          16849.01       YES          17394.05          10         1
     80         11.56          16849.01       YES          16849.01          10        11
     90         13.92          16849.01       YES          16849.01          10        21
    100         14.29          16849.01       YES          17141.16          10         1
    110         16.46          16849.01       YES          16962.05          10        11
    120         18.34          16849.01       YES          16849.01          11        21
    130         18.60          16849.01       YES          17253.86          10         1
    140         21.02          16849.01       YES          16995.92          10        11
    150         23.29          16849.01       YES          16849.01          11        21
    160         23.58          16849.01       YES          17341.54          10         1
    170         25.62          16849.01       YES          16849.01          10        11
    180         27.68          16849.01       YES          16849.01          10        21
    190         28.03          16644.42       YES          16644.42          10         0
    200         30.56          16644.42       YES          16644.42          10        10
    210         32.67          16639.99       YES          16644.42          10         0
    220         32.98          16639.99       YES          16639.99          10        10
    230         34.94          16639.99       YES          16639.99          10        20
    240         37.38          16639.99       YES          16639.99          10        30
    250         37.87          16639.99       YES          16644.42          10        10
    260         40.07          16639.99       YES          16639.99           9        20
    270         42.08          16639.99       YES          16644.42          10        30
    280         42.45          16639.99       YES          16824.85          10        10
    290         44.80          16639.99       YES          16639.99          10        20
    300         47.22          16639.99       YES          16639.99          10        30
    310         47.56          16639.99       YES          16698.90          10        10
    320         49.52          16639.99       YES          16639.99          10        20
    330         51.46          16639.99       YES          16644.42          10        30
    340         51.86          16639.99       YES          16644.42          10        10
    350         53.87          16639.99       YES          16639.99          10        20
    360         55.99          16639.99       YES          16639.99          10        30
    370         56.52          16639.99       YES          16644.42          10        10
    380         58.95          16639.99       YES          16639.99          10        20
    390         60.93          16639.99       YES          16639.99          10        30
