   iter       time(s)          bestCost  feasible      bestThisIter    feasAnts noImprove
---------------------------------------------------------------------------------------------
     10          0.42        1922972.60       YES        1922972.60          13         3
     20          3.03        1922972.60       YES        1922972.60          11        13
     30          5.59        1922972.60       YES        1922972.60          10        23
     40          5.99        1922972.60       YES        1995176.72          10         3
     50          8.75        1922972.60       YES        1922972.60          10        13
     60         11.33        1922972.60       YES        1922972.60          10        23
     70         11.71        1922972.60       YES        1933556.99          10         3
     80         14.41        1922972.60       YES        1944608.49          10        13
     90         16.97        1922972.60       YES        1922972.60          10        23
    100         17.37        1922972.60       YES        1940645.27          10         3
    110         19.91        1922972.60       YES        1924802.38          10        13
    120         22.22        1922972.60       YES        1922972.60          10        23
    130         22.57        1922972.60       YES        1957425.73          10         3
    140         25.34        1922972.60       YES        1927193.81          10        13
    150         28.03        1922972.60       YES        1952962.38          10        23
    160         28.46        1922972.60       YES        1927415.54          10         3
    170         31.14        1922972.60       YES        1922972.60          10        13
    180         33.87        1922972.60       YES        1922972.60          10        23
    190         34.26        1922972.60       YES        1947011.09          10         3
    200         36.91        1922972.60       YES        1922972.60          10        13
    210         39.43        1922972.60       YES        1922972.60          10        23
    220         39.82        1922972.60       YES        1989883.86          10         3
    230         42.53        1922972.60       YES        1922972.60          10        13
    240         45.15        1922972.60       YES        1922972.60          12        23
    250         45.58        1922972.60       YES        1962796.17          10         3
    260         48.23        1922972.60       YES        1928801.08          10        13
    270         50.73        1922972.60       YES        1922972.60          10        23
    280         51.10        1922972.60       YES        1927415.54          10         3
    290         53.39        1922972.60       YES        1924802.38          10        13
    300         55.68        1922972.60       YES        1922972.60          10        23
    310         56.14        1922972.60       YES        1960331.24          10         3
    320         59.00        1922972.60       YES        1922972.60          10        13
    330         61.56        1922972.60       YES        1922972.60          10        23
