110 137 138 139 141 147 148 150 151 152 153 159 161 162 164 166 169 173 175 190 
83 84 92 94 95 96 105 106 107 108 109 119 121 122 123 124 135 136 149 
118 120 131 132 133 134 144 145 146 157 158 160 170 171 172 174 183 184 185 186 
1 2 3 5 14 15 16 17 27 28 29 41 45 46 47 54 57 73 85 
48 61 62 64 65 74 76 77 78 88 89 91 99 102 103 104 115 116 117 
4 6 7 8 9 10 11 18 19 20 21 22 23 24 26 31 32 34 43 
86 87 90 98 100 101 111 112 114 125 126 127 128 129 130 140 142 143 154 155 
156 163 165 167 168 176 177 178 179 180 181 182 187 188 189 191 192 193 194 195 
40 42 44 53 55 56 58 66 67 68 69 70 71 72 79 80 81 82 93 
12 13 25 30 33 35 36 37 38 39 49 50 51 52 59 60 63 75 97 113 
