84 85 88 95 96 97 98 99 100 101 102 103 104 105 106 107 
39 41 42 44 123 124 125 127 128 129 130 131 132 133 135 136 
53 54 55 56 57 58 59 60 61 62 63 64 65 66 67 73 75 
40 43 45 46 47 48 49 50 51 52 89 91 120 121 122 
1 2 3 4 5 6 7 126 150 152 153 154 155 156 157 158 159 
19 31 32 33 34 35 36 37 38 134 137 138 139 140 141 142 
8 9 10 11 12 13 14 17 143 144 145 146 147 148 149 151 
15 16 18 20 21 22 23 24 25 26 27 28 29 30 
68 69 70 71 72 74 76 77 78 79 80 81 82 83 86 87 90 
92 93 94 108 109 110 111 112 113 114 115 116 117 118 119 
