   iter       time(s)          bestCost  feasible      bestThisIter    feasAnts noImprove
---------------------------------------------------------------------------------------------
     10          1.53          60383.51       YES          60791.41          10         4
     20          5.98          56415.61       YES          56415.61          10         5
     30         10.67          56403.43       YES          62842.72          10         0
     40         11.62          56307.19       YES          56307.19          10         5
     50         16.58          56307.19       YES          64602.30          10        15
     60         21.80          56178.33       YES          61303.48          10         0
     70         23.03          56178.33       YES          59375.52          10        10
     80         27.83          56178.33       YES          63966.99          10        20
     90         33.46          56178.33       YES          63951.24          10        30
    100         35.28          56178.33       YES          67505.67          10        10
    110         40.81          56178.33       YES          63400.29          10        20
    120         46.17          56178.33       YES          63105.77           9        30
    130         48.33          56178.33       YES          70388.19          10        10
    140         53.15          56178.33       YES          68265.92           9        20
    150         58.57          56178.33       YES          61473.08          10        30
