   iter       time(s)          bestCost  feasible      bestThisIter    feasAnts noImprove
---------------------------------------------------------------------------------------------
     10          3.61           8569.90       YES           8985.13          10         6
     20         12.61           8147.71       YES           8316.52           9         5
     30         20.42           7920.04       YES           7982.50          10         0
     40         22.03           7920.04       YES           8251.60          10        10
     50         31.38           7920.04       YES           9058.64          10        20
     60         41.20           7920.04       YES           8945.80          10        30
     70         44.72           7920.04       YES           8920.75          10        10
     80         54.42           7920.04       YES           8562.21          10        20
     90         64.39           7920.04       YES           8984.77          10        30
