   iter       time(s)          bestCost  feasible      bestThisIter    feasAnts noImprove
---------------------------------------------------------------------------------------------
     10          0.75          52331.36       YES          52447.71          10         1
     20          2.91          51356.45       YES          51356.45          15         0
     30          4.92          50792.48       YES          50817.97          20         0
     40          5.36          50792.48       YES          51386.94          10        10
     50          7.49          50784.51       YES          50784.51          10         5
     60          9.55          50776.13       YES          51490.88          10         0
     70          9.86          50640.30       YES          50640.30          10         6
     80         11.90          50640.30       YES          50640.30          10        16
     90         14.55          50640.30       YES          54587.05          10        26
    100         15.42          50640.30       YES          55145.47          10         6
    110         17.88          50497.53       YES          50497.53          11         5
    120         20.04          50497.53       YES          52778.78          10        15
    130         20.69          50497.53       YES          55587.72          10        25
    140         23.57          50497.53       YES          56168.81          10         5
    150         26.15          50497.53       YES          54926.36          10        15
    160         26.82          50497.53       YES          52119.90          10        25
    170         29.26          50497.53       YES          54661.68          10         5
    180         31.67          50497.53       YES          54752.33          10        15
    190         32.29          50497.53       YES          55518.04          10        25
    200         34.95          50497.53       YES          56570.96          10         5
    210         37.68          50497.53       YES          51529.49          10        15
    220         38.26          50497.53       YES          55801.54          10        25
    230         40.54          50497.53       YES          52170.74          10         5
    240         43.40          50497.53       YES          51283.85          10        15
    250         44.17          50497.53       YES          53934.00          10        25
    260         46.56          50497.53       YES          53849.12          10         5
    270         48.93          50497.53       YES          50497.53          10        15
    280         49.50          50497.53       YES          53773.93          10        25
    290         51.89          50497.53       YES          55621.88          10         5
    300         54.21          50497.53       YES          52524.33          10        15
    310         54.85          50497.53       YES          53930.96          10        25
    320         57.34          50497.53       YES          55011.48          10         5
    330         60.37          50497.53       YES          52939.91          10        15
