   iter       time(s)          bestCost  feasible      bestThisIter    feasAnts noImprove
---------------------------------------------------------------------------------------------
     10          1.00           2088.23       YES           2088.23           9         0
     20          3.79           2044.40       YES           2044.40          16         2
     30          7.22           2044.40       YES           2162.80          10        12
     40          8.39           2044.40       YES           2147.50          10        22
     50         11.61           2044.40       YES           2177.37          10         2
     60         15.38           2044.40       YES           2244.43          10        12
     70         16.61           2044.40       YES           2121.71          10        22
     80         20.19           2044.40       YES           2212.36          10         2
     90         24.25           2044.40       YES           2260.62          10        12
    100         25.48           2044.40       YES           2156.27          10        22
    110         29.28           2044.40       YES           2151.90          10         2
    120         33.26           2044.40       YES           2238.18          10        12
    130         34.43           2044.40       YES           2108.79          10        22
    140         38.10           2044.40       YES           2148.57          10         2
    150         41.93           2044.40       YES           2239.17          10        12
    160         43.10           2044.40       YES           2128.73          10        22
    170         46.76           2044.40       YES           2141.83          10         2
    180         50.33           2044.40       YES           2153.35          10        12
    190         51.40           2044.40       YES           2193.13          10        22
    200         54.86           2044.40       YES           2162.57          10         2
    210         58.49           2044.40       YES           2173.00          10        12
    220         59.64           2044.40       YES           2186.52          10        22
