   iter       time(s)          bestCost  feasible      bestThisIter    feasAnts noImprove
---------------------------------------------------------------------------------------------
     10          0.62         299870.08       YES         299870.08          10         8
     20          6.40         297365.78       YES         297365.78          18         0
     30         11.94         297365.78       YES         297365.78          16        10
     40         12.73         297365.78       YES         298597.00          10        20
     50         17.97         296529.47       YES         296529.47          19         5
     60         23.31         296529.47       YES         296529.47          10        15
     70         23.83         296529.47       YES         296529.47          10        25
     80         29.56         296529.47       YES         302586.88          10         5
     90         34.88         296529.47       YES         296529.47          10        15
    100         35.45         296529.47       YES         299904.27          10        25
    110         40.73         295740.36       YES         295740.36          15         5
    120         46.26         295740.36       YES         295740.36          10        15
    130         46.77         295740.36       YES         295740.36          10        25
    140         52.37         295740.36       YES         297165.23          10         5
    150         57.59         295740.36       YES         295740.36          10        15
    160         58.27         295740.36       YES         295740.36          10        25
