   iter       time(s)          bestCost  feasible      bestThisIter    feasAnts noImprove
---------------------------------------------------------------------------------------------
     10          0.30        1850536.57       YES        1850536.57          10         7
     20          2.19        1850536.57       YES        1850536.57          10        17
     30          4.50        1850536.57       YES        1850536.57          11        27
     40          4.90        1850536.57       YES        1858721.68          10         7
     50          7.07        1850536.57       YES        1850536.57          12        17
     60          9.10        1850536.57       YES        1850536.57          11        27
     70          9.37        1850536.57       YES        1850536.57          10         7
     80         11.35        1850536.57       YES        1850536.57          11        17
     90         14.56        1850536.57       YES        1850536.57          10        27
    100         14.99        1850536.57       YES        1850536.57          10         7
    110         17.61        1850536.57       YES        1850536.57          13        17
    120         20.34        1850536.57       YES        1850536.57          10        27
    130         20.85        1850536.57       YES        1850536.57          10         7
    140         23.56        1850536.57       YES        1850536.57          10        17
    150         26.41        1850536.57       YES        1850536.57          10        27
    160         26.96        1850536.57       YES        1857673.40          10         7
    170         29.57        1850536.57       YES        1850536.57          10        17
    180         32.37        1850536.57       YES        1850536.57          11        27
    190         32.85        1850536.57       YES        1855093.13          10         7
    200         35.13        1850536.57       YES        1850536.57          10        17
    210         37.33        1850536.57       YES        1850536.57          10        27
    220         37.66        1850536.57       YES        1859433.61          10         7
    230         40.06        1850536.57       YES        1850536.57          10        17
    240         42.20        1850536.57       YES        1850536.57          10        27
    250         42.53        1850536.57       YES        1850536.57          10         7
    260         44.55        1850536.57       YES        1850536.57          10        17
    270         46.80        1850536.57       YES        1850536.57          10        27
    280         47.42        1850536.57       YES        1850536.57          10         7
    290         49.61        1850536.57       YES        1850536.57          11        17
    300         51.63        1850536.57       YES        1850536.57          10        27
    310         51.97        1850536.57       YES        1850536.57          10         7
    320         54.26        1850536.57       YES        1850536.57          10        17
    330         58.31        1850536.57       YES        1850536.57          10        27
    340         59.30        1850536.57       YES        1850536.57          10         7
