   iter       time(s)          bestCost  feasible      bestThisIter    feasAnts noImprove
---------------------------------------------------------------------------------------------
     10          0.70        2845334.93       YES        2845334.93          10         3
     20          6.53        2845334.93       YES        2845334.93          10        13
     30         12.37        2845334.93       YES        2845334.93          10        23
     40         13.06        2845334.93       YES        2908117.08          10         3
     50         19.11        2845334.93       YES        2845334.93          10        13
     60         25.19        2845334.93       YES        2845334.93          10        23
     70         25.88        2845334.93       YES        2879336.81          10         3
     80         32.17        2845334.93       YES        2855830.92          10        13
     90         38.00        2845334.93       YES        2863719.87          10        23
    100         38.58        2845334.93       YES        2953037.84          10         3
    110         44.75        2845334.93       YES        2854536.31          10        13
    120         50.83        2845334.93       YES        2859974.27          10        23
    130         51.54        2845334.93       YES        2874951.99          10         3
    140         57.83        2845334.93       YES        2877308.05          10        13
    150         63.73        2845334.93       YES        2887290.00          10        23
