   iter       time(s)          bestCost  feasible      bestThisIter    feasAnts noImprove
---------------------------------------------------------------------------------------------
     10          0.91          65823.27       YES          65823.27          10         0
     20          6.28          65571.04       YES          65602.41          15         2
     30         11.70          65571.04       YES          65571.04          10        12
     40         12.83          65571.04       YES          66096.09          10        22
     50         18.60          65342.97       YES          65342.97          16         2
     60         24.49          65233.89       YES          65233.89          10         8
     70         25.44          65233.89       YES          65233.89          10        18
     80         31.47          65233.89       YES          65940.97          10        28
     90         37.23          65233.89       YES          67876.80          10         8
    100         38.45          65233.89       YES          66604.78          10        18
    110         44.06          65233.89       YES          65354.90          10        28
    120         50.21          65233.89       YES          67151.72          10         8
    130         51.42          65233.89       YES          67134.20          10        18
    140         56.81          65233.89       YES          65818.84          10        28
    150         63.00          65233.89       YES          67901.88          10         8
