8 42 54 108 133 138 142 148 
11 17 32 47 59 91 98 109 
10 15 72 74 99 127 141 
14 41 48 71 100 123 136 
5 39 52 78 96 101 121 147 
9 12 20 27 55 83 149 
2 44 50 73 116 126 144 
4 31 56 80 89 122 139 143 
19 70 79 90 97 106 134 
3 29 43 46 115 120 128 
30 85 107 112 114 132 135 140 
1 6 49 75 92 113 130 
7 34 51 57 87 117 125 145 
18 22 53 63 88 94 137 
23 28 58 93 105 131 
16 26 65 66 118 119 124 129 
25 40 61 64 67 68 69 81 
35 45 60 62 77 86 110 150 
21 24 36 38 84 102 104 111 
13 33 37 76 82 95 103 146 
