   iter       time(s)          bestCost  feasible      bestThisIter    feasAnts noImprove
---------------------------------------------------------------------------------------------
     10          1.69         156953.72       YES         156953.72          10         0
     20          6.16         146996.62       YES         146996.62           9         0
     30         10.32         142569.91       YES         143687.77          23         1
     40         11.24         141845.07       YES         141845.07          10         0
     50         15.29         141716.09       YES         141716.09           8         5
     60         19.39         141716.09       YES         146610.51          10        15
     70         20.93         141716.09       YES         150466.44           9        25
     80         26.23         141716.09       YES         162168.98          10         5
     90         30.94         141716.09       YES         155564.87          10        15
    100         32.37         141716.09       YES         160646.88          10        25
    110         37.04         141716.09       YES         164018.37          10         5
    120         41.91         141716.09       YES         157461.88          10        15
    130         43.65         141716.09       YES         158595.77          10        25
    140         48.42         141716.09       YES         168029.43          10         5
    150         53.34         141716.09       YES         150123.22           9        15
    160         55.17         141716.09       YES         164803.83          10        25
    170         60.06         141716.09       YES         169161.09          10         5
