45 46 52 53 54 69 70 71 72 79 90 91 96 97 98 99 
41 42 43 58 59 60 61 62 63 64 65 82 83 104 105 111 
122 123 124 125 126 127 128 129 130 131 147 148 149 150 151 152 
44 56 57 66 67 68 80 81 88 89 101 102 113 114 
118 119 120 121 132 133 134 135 136 137 138 142 143 144 145 146 
5 12 13 24 25 26 27 51 55 100 103 
47 48 49 50 73 74 75 76 77 78 92 93 94 95 115 116 
1 2 3 4 14 15 16 28 29 30 31 32 33 34 35 36 37 38 
6 7 8 9 10 11 17 18 19 20 21 22 23 39 40 
84 85 86 87 106 107 108 109 110 112 117 139 140 141 
