   iter       time(s)          bestCost  feasible      bestThisIter    feasAnts noImprove
---------------------------------------------------------------------------------------------
     10          1.34         481928.51       YES         483920.13          10         2
     20          6.86         479172.49       YES         479172.49          10         5
     30         13.11         479172.49       YES         488268.81          10        15
     40         14.47         479172.49       YES         514744.04          10        25
     50         20.64         479172.49       YES         492320.10          10         5
     60         26.25         478723.05       YES         501132.29          10         0
     70         26.97         478723.05       YES         479118.23          10        10
     80         32.42         478723.05       YES         495230.70          10        20
     90         38.39         478723.05       YES         506721.05          10        30
    100         39.80         478723.05       YES         527723.63          10        10
    110         45.89         478723.05       YES         512366.57          10        20
    120         51.14         478723.05       YES         498767.59          10        30
    130         52.63         478723.05       YES         518317.47          10        10
    140         58.05         478723.05       YES         504342.19          10        20
    150         63.30         478723.05       YES         504127.90          10        30
