   iter       time(s)          bestCost  feasible      bestThisIter    feasAnts noImprove
---------------------------------------------------------------------------------------------
     10          0.43        4802259.30       YES        4802259.30          10         5
     20          3.50        4800033.65       YES        4800033.65          14         5
     30          7.13        4800033.65       YES        4800033.65          10        15
     40          7.43        4800033.65       YES        4800033.65          10        25
     50         11.09        4800033.65       YES        4804543.80          10         5
     60         14.14        4800033.65       YES        4800033.65          10        15
     70         14.41        4800033.65       YES        4800033.65          10        25
     80         17.93        4800033.65       YES        4823773.14          10         5
     90         21.18        4800033.65       YES        4800033.65          11        15
    100         21.42        4800033.65       YES        4800033.65          10        25
    110         24.74        4800033.65       YES        4800033.65          10         5
    120         28.48        4800033.65       YES        4800033.65          10        15
    130         28.77        4800033.65       YES        4800033.65          10        25
    140         32.35        4800033.65       YES        4800033.65          10         5
    150         35.51        4800033.65       YES        4800033.65          10        15
    160         35.80        4800033.65       YES        4800033.65          10        25
    170         39.40        4800033.65       YES        4800033.65          10         5
    180         42.47        4800033.65       YES        4800033.65          10        15
    190         42.76        4800033.65       YES        4800033.65          10        25
    200         46.31        4800033.65       YES        4800033.65          10         5
    210         49.57        4800033.65       YES        4800033.65          10        15
    220         49.80        4800033.65       YES        4800033.65          10        25
    230         53.14        4800033.65       YES        4826872.59          10         5
    240         56.70        4800033.65       YES        4800033.65          12        15
    250         57.00        4800033.65       YES        4800033.65          10        25
