   iter       time(s)          bestCost  feasible      bestThisIter    feasAnts noImprove
---------------------------------------------------------------------------------------------
     10          2.39         924625.45       YES         924625.45          10         3
     20         11.81         832365.73       YES         832365.73           9         0
     30         21.32         819213.71       YES         821480.63          10         0
     40         22.99         819213.71       YES         846743.77          10        10
     50         33.45         819213.71       YES         908405.82          10        20
     60         43.88         819213.71       YES         886201.81          10        30
     70         47.28         819213.71       YES        1042657.00          10        10
     80         57.78         819213.71       YES         862340.61          10        20
