10 11 12 13 14 15 16 143 
93 108 109 110 111 112 113 
45 46 47 48 49 50 51 75 76 
115 116 117 118 119 120 121 122 
2 4 5 6 153 154 155 156 157 
38 39 40 41 42 43 44 134 135 
7 8 9 148 149 150 151 152 
85 86 87 95 97 98 99 101 
33 34 35 36 37 136 137 138 
77 78 79 80 82 83 84 
52 53 54 62 63 64 65 66 67 
68 69 70 71 72 73 74 81 
100 102 103 104 105 106 107 
55 56 57 58 59 60 61 
1 3 125 126 127 158 159 
17 18 19 20 21 22 23 31 
139 140 141 142 144 145 146 147 
24 25 26 27 28 29 30 32 
88 89 90 91 92 94 96 
114 123 124 128 129 130 131 132 133 
