   iter       time(s)          bestCost  feasible      bestThisIter    feasAnts noImprove
---------------------------------------------------------------------------------------------
     10          2.21         399104.12       YES         400654.34          10         3
     20          9.72         376499.11       YES         392308.67           9         5
     30         17.81         364375.63       YES         410721.09          10         0
     40         19.22         364375.63       YES         419288.04           9        10
     50         27.27         364375.63       YES         431234.46          10        20
     60         35.70         364375.63       YES         419901.59          10        30
     70         38.31         364375.63       YES         447241.92          10        10
     80         46.76         364375.63       YES         391199.17          10        20
     90         55.29         364375.63       YES         405648.37          10        30
    100         58.00         364375.63       YES         434428.28          10        10
