   iter       time(s)          bestCost  feasible      bestThisIter    feasAnts noImprove
---------------------------------------------------------------------------------------------
     10          0.52        1603208.17       YES        1616661.08          10         1
     20          5.61        1598427.14       YES        1598427.14          12         9
     30         11.10        1598427.14       YES        1599412.86           9        19
     40         11.59        1598427.14       YES        1607638.27          10        29
     50         16.95        1598427.14       YES        1609015.78          10         9
     60         21.95        1598427.14       YES        1605564.81          10        19
     70         22.59        1598427.14       YES        1598427.14          10        29
     80         28.22        1598427.14       YES        1605915.65          10         9
     90         33.72        1598427.14       YES        1598427.14          10        19
    100         34.37        1598427.14       YES        1598427.14          10        29
    110         39.37        1598427.14       YES        1611897.71          10         9
    120         44.71        1598427.14       YES        1598427.14          10        19
    130         45.21        1598427.14       YES        1603208.17          10        29
    140         50.80        1598427.14       YES        1598427.14          10         9
    150         55.91        1598427.14       YES        1608738.73          10        19
    160         56.51        1598427.14       YES        1598427.14          10        29
