   iter       time(s)          bestCost  feasible      bestThisIter    feasAnts noImprove
---------------------------------------------------------------------------------------------
     10          1.25          35110.11       YES          35280.08          26         1
     20          9.90          35110.11       YES          35110.11          14        11
     30         18.70          35110.11       YES          35256.23          10        21
     40         19.88          35110.11       YES          36627.40          10         1
     50         31.20          35110.11       YES          35372.45          10        11
     60         39.75          35110.11       YES          35110.11          10        21
     70         40.79          35110.11       YES          35832.92          10         1
     80         49.05          35110.11       YES          35110.11          10        11
     90         57.38          35110.11       YES          35354.83          10        21
    100         58.40          35110.11       YES          35809.45          10         1
