2 6 9 19 28 29 37 42 47 81 99 110 114 120 139 
15 16 52 59 78 79 88 94 105 111 121 122 126 133 
4 13 21 22 44 45 68 71 74 91 104 106 115 119 125 128 149 150 
14 27 31 49 64 72 77 80 112 123 136 144 145 147 
3 8 10 30 35 48 62 63 73 76 84 89 93 96 113 
11 17 36 39 41 57 60 61 66 69 117 118 127 130 140 148 
1 5 7 34 82 87 95 97 98 100 103 107 124 143 
18 50 55 58 65 70 85 86 102 108 132 135 137 142 
12 23 24 32 38 40 43 53 67 101 109 116 129 131 
20 25 26 33 46 51 54 56 75 83 90 92 134 138 141 146 
