   iter       time(s)          bestCost  feasible      bestThisIter    feasAnts noImprove
---------------------------------------------------------------------------------------------
     10          0.60          43007.20       YES          44001.01          10         2
     20          3.06          41918.69       YES          41918.69          14         2
     30          5.80          41918.69       YES          43535.76          10        12
     40          6.62          41918.69       YES          45083.49          10        22
     50          9.46          41918.69       YES          42108.81          10         2
     60         12.15          41918.69       YES          44388.89           9        12
     70         12.98          41918.69       YES          44276.55          10        22
     80         16.30          41918.69       YES          44091.92          10         2
     90         19.10          41918.69       YES          43008.90          10        12
    100         19.78          41918.69       YES          43081.84          10        22
    110         22.95          41918.69       YES          43201.88          10         2
    120         25.91          41918.69       YES          43749.43          10        12
    130         26.61          41918.69       YES          43032.76          10        22
    140         29.48          41918.69       YES          45038.09          10         2
    150         32.75          41918.69       YES          43964.79          10        12
    160         33.45          41918.69       YES          44618.21          10        22
    170         35.97          41817.95       YES          41817.95          10         5
    180         39.06          41817.95       YES          42939.96          10        15
    190         39.88          41817.95       YES          43548.98          10        25
    200         42.51          41817.95       YES          46121.18          10         5
    210         45.44          41817.95       YES          43935.62          10        15
    220         46.35          41817.95       YES          44136.85          10        25
    230         49.41          41817.95       YES          44985.31          10         5
    240         52.21          41817.95       YES          42563.19          10        15
    250         53.14          41817.95       YES          44203.48          10        25
    260         56.36          41817.95       YES          44978.38          10         5
    270         59.17          41817.95       YES          43131.59          10        15
    280         59.98          41817.95       YES          44430.80          10        25
