   iter       time(s)          bestCost  feasible      bestThisIter    feasAnts noImprove
---------------------------------------------------------------------------------------------
     10          1.63          33769.93       YES          34805.84           8         1
     20          6.75          32554.98       YES          34675.95          10         5
     30         11.51          31577.15       YES          31801.67          10         0
     40         12.91          31523.70       YES          32788.17          10         8
     50         18.21          31523.70       YES          35313.13          10        18
     60         24.28          31523.70       YES          38367.14          10        28
     70         26.59          31523.70       YES          37072.00          10         8
     80         32.62          31523.70       YES          37884.77          10        18
     90         38.63          31523.70       YES          36964.49          10        28
    100         40.58          31523.70       YES          37772.43          10         8
    110         46.66          31523.70       YES          36993.02          10        18
    120         52.53          31523.70       YES          34648.02          10        28
    130         54.64          31523.70       YES          40313.84          10         8
