   iter       time(s)          bestCost  feasible      bestThisIter    feasAnts noImprove
---------------------------------------------------------------------------------------------
     10          0.26         232544.52       YES         232544.52          10         6
     20          2.29         232544.52       YES         232544.52          11        16
     30          4.50         232544.52       YES         232544.52          10        26
     40          4.85         232544.52       YES         233074.20          10         6
     50          6.65         232544.52       YES         232544.52           9        16
     60          8.47         232544.52       YES         232544.52          10        26
     70          8.80         232544.52       YES         233815.68          10         6
     80         10.98         232544.52       YES         232544.52          10        16
     90         13.15         232378.70       YES         232544.52          10         0
    100         13.35         232378.70       YES         232378.70          13        10
    110         15.06         232378.70       YES         232378.70          11        20
    120         16.79         232378.70       YES         232378.70          10        30
    130         17.11         232378.70       YES         232378.70          10        10
    140         19.24         232378.70       YES         232378.70          11        20
    150         21.30         232378.70       YES         232378.70          10        30
    160         21.58         232378.70       YES         233815.68          10        10
    170         23.27         232378.70       YES         232378.70          10        20
    180         24.99         232378.70       YES         232378.70          10        30
    190         25.31         232378.70       YES         232378.70          10        10
    200         27.48         232378.70       YES         232378.70          10        20
    210         29.49         232378.70       YES         232378.70          10        30
    220         29.83         232378.70       YES         232378.70          10        10
    230         31.54         232378.70       YES         232378.70          10        20
    240         33.27         232378.70       YES         232378.70          10        30
    250         33.58         232378.70       YES         232378.70          10        10
    260         35.32         232378.70       YES         232378.70          10        20
    270         37.07         232378.70       YES         232378.70          10        30
    280         37.34         232378.70       YES         234218.32          10        10
    290         39.13         232378.70       YES         232378.70          10        20
    300         40.92         232378.70       YES         232378.70          10        30
    310         41.23         232378.70       YES         232378.70          10        10
    320         43.02         232378.70       YES         232378.70          11        20
    330         44.75         232378.70       YES         232378.70          10        30
    340         45.07         232378.70       YES         232378.70          10        10
    350         47.24         232378.70       YES         232378.70          10        20
    360         49.31         232378.70       YES         232378.70          10        30
    370         49.61         232378.70       YES         232378.70          10        10
    380         51.37         232378.70       YES         232378.70          10        20
    390         53.13         232378.70       YES         232378.70          10        30
    400         53.52         232378.70       YES         232378.70          10        10
    410         55.64         232378.70       YES         232378.70          10        20
    420         57.64         232378.70       YES         232378.70          11        30
    430         57.98         232378.70       YES         233074.20          10        10
    440         59.88         232378.70       YES         232378.70          10        20
