33 45 81 97 136 144 
28 38 39 56 101 119 148 
13 15 77 107 115 130 147 
8 17 22 25 106 108 112 113 114 
2 21 23 35 68 91 122 
34 58 88 90 98 109 145 
62 71 72 83 124 126 138 
24 29 32 46 125 132 142 
18 19 44 66 105 128 
3 30 41 59 69 73 89 118 140 
70 76 94 102 111 121 129 131 139 
10 36 57 74 99 100 141 
20 42 55 64 65 67 79 110 
16 51 63 78 120 127 135 146 
11 48 52 84 87 96 103 150 
7 9 26 37 61 82 117 
4 14 49 60 92 93 116 143 
6 31 47 54 75 80 104 134 149 
1 12 27 40 53 85 137 
5 43 50 86 95 123 133 
