   iter       time(s)          bestCost  feasible      bestThisIter    feasAnts noImprove
---------------------------------------------------------------------------------------------
     10          0.71          36008.08       YES          36008.08          10         4
     20          5.76          35954.59       YES          35954.59          10         3
     30         11.44          35900.39       YES          35900.39          13         9
     40         12.11          35900.39       YES          35900.39          10        19
     50         17.22          35892.16       YES          35892.16          16         5
     60         22.46          35866.83       YES          35866.83          10         0
     70         23.02          35850.47       YES          35850.47          11         7
     80         27.61          35850.47       YES          35926.86          10        17
     90         32.85          35850.47       YES          36057.36          10        27
    100         33.53          35850.47       YES          36190.09          10         7
    110         38.18          35850.47       YES          35850.47           9        17
    120         43.62          35850.47       YES          36089.14          10        27
    130         44.23          35850.47       YES          36435.29          10         7
    140         49.30          35850.47       YES          36357.76          10        17
    150         54.18          35850.47       YES          35979.97          10        27
    160         54.81          35850.47       YES          36423.30          10         7
