   iter       time(s)          bestCost  feasible      bestThisIter    feasAnts noImprove
---------------------------------------------------------------------------------------------
     10          0.37         755266.84       YES         755266.84          12         3
     20          2.79         755266.84       YES         755266.84          10        13
     30          5.15         755266.84       YES         755266.84          10        23
     40          5.50         755266.84       YES         772387.91          10         3
     50          7.49         755266.84       YES         755266.84          10        13
     60          9.61         755266.84       YES         755266.84          10        23
     70         10.02         755266.84       YES         761250.59          10         3
     80         12.59         755266.84       YES         766269.93           9        13
     90         14.67         755266.84       YES         755266.84          10        23
    100         15.03         755266.84       YES         761250.59          10         3
    110         17.10         755266.84       YES         767729.96          10        13
    120         19.62         755266.84       YES         755266.84          10        23
    130         20.06         755266.84       YES         767065.38          10         3
    140         22.27         755266.84       YES         755266.84           9        13
    150         24.24         755266.84       YES         765764.08          10        23
    160         24.64         755266.84       YES         759840.98          10         3
    170         27.13         755266.84       YES         755266.84          10        13
    180         29.46         755266.84       YES         755266.84          11        23
    190         29.80         755266.84       YES         779310.53          10         3
    200         31.78         753922.35       YES         753922.35          16         5
    210         33.93         753922.35       YES         753922.35          10        15
    220         34.23         753922.35       YES         753922.35           9        25
    230         36.79         753922.35       YES         778574.25          10         5
    240         38.86         753922.35       YES         753922.35          10        15
    250         39.15         753922.35       YES         753922.35          10        25
    260         41.27         753922.35       YES         793834.96          10         5
    270         43.84         753922.35       YES         753922.35          11        15
    280         44.18         753922.35       YES         753922.35           8        25
    290         46.31         753922.35       YES         767495.27          10         5
    300         48.27         753922.35       YES         753922.35          10        15
    310         48.52         753922.35       YES         772742.27          10        25
    320         50.41         753857.85       YES         753857.85          15         8
    330         52.37         753857.85       YES         753857.85          10        18
    340         52.63         753857.85       YES         753857.85           8        28
    350         54.68         753857.85       YES         773533.92          10         8
    360         56.74         753857.85       YES         753857.85          10        18
    370         57.00         753857.85       YES         753857.85          10        28
    380         59.56         753857.85       YES         764492.58          10         8
    390         61.78         753857.85       YES         753857.85          10        18
