11 15 17 21 32 45 47 59 72 74 90 91 109 127 141 
12 20 23 27 35 55 60 62 77 83 86 110 120 150 
3 14 29 41 43 46 48 71 100 112 115 121 123 128 132 136 
7 9 25 34 39 51 57 61 81 87 117 125 135 140 145 149 
2 33 40 44 50 54 64 68 69 73 85 108 114 116 144 
6 28 49 58 63 92 93 98 105 113 130 131 142 148 
10 18 22 24 36 38 79 84 88 99 102 104 106 111 
1 8 31 42 56 67 80 89 97 119 122 133 138 139 143 
5 13 30 37 52 76 78 82 95 96 101 103 107 126 146 147 
4 16 19 26 53 65 66 70 75 94 118 124 129 134 137 
