   iter       time(s)          bestCost  feasible      bestThisIter    feasAnts noImprove
---------------------------------------------------------------------------------------------
     10          1.73          98629.18       YES          98629.18          10         0
     20          5.98          92023.72       YES          92023.72          11         0
     30         10.18          90664.24       YES          98886.60          10         0
     40         11.40          90664.24       YES          97162.73          10        10
     50         16.01          90664.24       YES         105859.27          10        20
     60         20.46          90664.24       YES         104223.82          10        30
     70         22.24          90664.24       YES         104801.98          10        10
     80         27.25          90664.24       YES         101205.46           9        20
     90         31.83          90664.24       YES         106587.72          10        30
    100         34.01          90664.24       YES         101601.25          10        10
    110         39.11          90664.24       YES         102676.00          10        20
    120         44.46          90664.24       YES         100043.22          10        30
    130         46.24          90664.24       YES         104737.00          10        10
    140         50.79          90664.24       YES          95620.57          10        20
    150         55.84          90664.24       YES         103237.08          10        30
    160         57.67          90664.24       YES         108457.72          10        10
