1 2 3 4 5 6 14 15 17 
66 67 68 69 79 80 81 82 83 93 
144 145 146 157 158 159 161 170 172 183 
8 9 10 11 12 13 21 22 23 25 34 
100 101 102 103 113 114 115 116 117 126 
40 41 42 43 44 53 54 55 56 57 
107 108 109 110 111 112 121 123 124 125 
167 179 180 181 182 191 192 193 194 195 
31 33 35 45 46 47 48 49 73 
24 26 36 37 38 39 50 51 52 63 
122 132 133 134 135 136 147 148 160 
171 173 174 175 184 185 186 187 188 189 
92 94 95 105 106 118 119 120 131 
7 16 18 19 20 27 28 29 30 32 
141 152 153 154 155 156 165 166 168 169 
59 60 61 62 64 70 71 72 74 
58 84 85 86 87 96 97 98 99 
137 149 150 151 162 163 164 176 177 178 190 
127 128 129 130 138 139 140 142 143 
65 75 76 77 78 88 89 90 91 104 
