   iter       time(s)          bestCost  feasible      bestThisIter    feasAnts noImprove
---------------------------------------------------------------------------------------------
     10          2.25        1177462.08       YES        1246893.19          10         7
     20         13.93        1122283.75       YES        1125346.99          10         5
     30         23.89        1106421.85       YES        1109521.09          10         1
     40         25.11        1102254.19       YES        1102254.19          10         6
     50         35.66        1102254.19       YES        1140601.57          10        16
     60         46.48        1096039.51       YES        1168302.20          10         0
     70         47.96        1096039.51       YES        1100956.58          10        10
     80         58.63        1088028.35       YES        1088028.35          11         3
