   iter       time(s)          bestCost  feasible      bestThisIter    feasAnts noImprove
---------------------------------------------------------------------------------------------
     10          0.79         235174.39       YES         235174.39          13         2
     20          4.47         232240.41       YES         232240.41          11         5
     30          7.83         231656.27       YES         233234.52           9         0
     40          8.38         231018.97       YES         231018.97          13         5
     50         11.81         230054.60       YES         230054.60          11         5
     60         15.23         230054.60       YES         232293.07          10        15
     70         15.73         230021.37       YES         230021.37          10         9
     80         19.34         230021.37       YES         230021.37          10        19
     90         23.05         230021.37       YES         244676.55          10        29
    100         24.11         230021.37       YES         249483.03          10         9
    110         28.01         230021.37       YES         241437.87           9        19
    120         31.47         230021.37       YES         230021.37          10        29
    130         32.65         230021.37       YES         240556.94          10         9
    140         36.54         230021.37       YES         230021.37          10        19
    150         39.93         230021.37       YES         230021.37          10        29
    160         40.96         230021.37       YES         266438.48          10         9
    170         45.14         230021.37       YES         237052.27          10        19
    180         48.53         230021.37       YES         231838.74          10        29
    190         49.69         230021.37       YES         253674.03          10         9
    200         53.71         230021.37       YES         249509.00          10        19
    210         56.99         230021.37       YES         241048.06          10        29
    220         58.06         230021.37       YES         250035.02          10         9
