   iter       time(s)          bestCost  feasible      bestThisIter    feasAnts noImprove
---------------------------------------------------------------------------------------------
     10          0.43         277375.22       YES         277375.22          10         7
     20          3.14         277375.22       YES         277375.22          10        17
     30          6.20         277375.22       YES         277375.22          10        27
     40          6.72         277375.22       YES         277375.22          10         7
     50          9.61         277375.22       YES         277375.22          10        17
     60         12.41         277375.22       YES         277375.22          10        27
     70         12.90         277375.22       YES         277375.22          10         7
     80         15.97         277375.22       YES         277375.22          10        17
     90         19.13         277375.22       YES         277375.22          10        27
    100         19.62         277375.22       YES         277375.22          10         7
    110         22.80         277375.22       YES         277375.22          10        17
    120         26.06         277375.22       YES         277375.22          10        27
    130         26.63         277375.22       YES         277375.22          10         7
    140         29.52         277375.22       YES         277375.22          10        17
    150         32.28         277375.22       YES         277375.22          10        27
    160         32.78         277375.22       YES         277375.22          10         7
    170         35.80         277375.22       YES         277375.22          10        17
    180         38.48         277375.22       YES         277375.22          10        27
    190         38.93         277375.22       YES         277375.22          10         7
    200         41.92         277375.22       YES         277375.22          10        17
    210         44.90         277375.22       YES         277375.22          10        27
    220         45.41         277375.22       YES         277375.22          10         7
    230         48.22         277375.22       YES         277375.22          10        17
    240         51.42         277375.22       YES         277375.22          10        27
    250         51.92         277375.22       YES         278843.81          10         7
    260         55.01         277375.22       YES         277375.22          10        17
    270         57.90         277375.22       YES         277375.22          10        27
    280         58.34         277375.22       YES         277375.22          10         7
