   iter       time(s)          bestCost  feasible      bestThisIter    feasAnts noImprove
---------------------------------------------------------------------------------------------
     10          0.84         148321.18       YES         157557.76          10         4
     20          3.58         137420.08       YES         137420.08          23         0
     30          6.61         134689.07       YES         135428.15          24         0
     40          7.29         134689.07       YES         151636.65          10        10
     50         10.45         134689.07       YES         164888.66          10        20
     60         13.61         134689.07       YES         154897.52          10        30
     70         14.74         134689.07       YES         151574.64          10        10
     80         18.05         134689.07       YES         164842.55          10        20
     90         21.11         134689.07       YES         156355.45          10        30
    100         22.33         134689.07       YES         169510.86          10        10
    110         25.99         134689.07       YES         179058.40          10        20
    120         29.47         134689.07       YES         157741.11          10        30
    130         30.49         134689.07       YES         154078.67          10        10
    140         33.63         134689.07       YES         166014.98          10        20
    150         37.24         134689.07       YES         151623.70          10        30
    160         38.15         134689.07       YES         163032.45          10        10
    170         41.22         134689.07       YES         155266.32          10        20
    180         44.73         134689.07       YES         166373.00          10        30
    190         45.73         134689.07       YES         157080.50          10        10
    200         48.76         134689.07       YES         165289.14          10        20
    210         52.22         134689.07       YES         167522.98          10        30
    220         53.29         134689.07       YES         189893.12          10        10
    230         56.42         134689.07       YES         142377.22          10        20
    240         59.97         134689.07       YES         162101.62          10        30
