   iter       time(s)          bestCost  feasible      bestThisIter    feasAnts noImprove
---------------------------------------------------------------------------------------------
     10          1.51         106961.04       YES         107860.12          10         1
     20          8.82         105460.81       YES         105460.81          10         5
     30         16.32         105460.81       YES         107604.63          10        15
     40         17.84         105460.81       YES         107928.07          10        25
     50         25.95         105460.81       YES         115336.49          10         5
     60         34.20         105460.81       YES         108837.02          10        15
     70         35.82         105460.81       YES         109653.82          10        25
     80         43.79         105460.81       YES         112824.76          10         5
     90         51.61         103794.36       YES         109889.15          10         0
    100         52.56         103794.36       YES         104481.27          10        10
