   iter       time(s)          bestCost  feasible      bestThisIter    feasAnts noImprove
---------------------------------------------------------------------------------------------
     10          0.73         529009.56       YES         529009.56          10         3
     20          5.61         526482.21       YES         526482.21          11         5
     30         10.45         526482.21       YES         526482.21          10        15
     40         11.05         526482.21       YES         526482.21          10        25
     50         15.58         526482.21       YES         536873.15          10         5
     60         20.82         526482.21       YES         526482.21          10        15
     70         21.33         526482.21       YES         531824.80          10        25
     80         25.91         526482.21       YES         537030.04          10         5
     90         31.18         526482.21       YES         526482.21          10        15
    100         31.60         526482.21       YES         526482.21          10        25
    110         36.10         526482.21       YES         536951.97          10         5
    120         41.01         526482.21       YES         526482.21          10        15
    130         41.55         526482.21       YES         528483.64          10        25
    140         46.39         526482.21       YES         530100.95          10         5
    150         51.66         526482.21       YES         526482.21          10        15
    160         52.16         526482.21       YES         526482.21          10        25
    170         56.82         526482.21       YES         530633.57          10         5
    180         61.75         526482.21       YES         526482.21          10        15
