62 83 88 117 118 137 139 140 142 143 
63 84 85 86 105 106 107 108 109 110 
45 46 52 53 54 69 70 71 72 90 114 
3 4 5 13 14 28 29 31 32 38 
119 120 133 134 135 136 138 141 144 145 146 
41 42 58 59 60 61 64 87 104 112 
1 2 15 16 30 33 34 35 36 55 
123 124 125 126 128 149 150 151 152 
37 67 80 81 89 97 100 101 113 
43 44 56 57 65 66 68 82 102 103 111 
7 8 9 10 11 17 18 19 21 40 
78 79 91 92 96 98 99 115 116 
121 122 127 129 130 131 132 147 148 
6 12 20 22 23 24 25 26 27 39 
47 48 49 50 51 73 74 75 76 77 93 94 95 
