138 139 151 152 153 160 163 164 165 166 168 169 179 
62 64 74 77 78 88 90 91 102 103 115 116 126 
42 55 58 66 68 69 70 71 72 79 80 81 85 
23 33 36 39 47 48 49 50 52 59 60 63 65 73 
87 100 104 117 128 129 130 140 142 143 154 155 156 
162 167 176 178 180 181 182 189 190 191 192 193 194 195 
4 6 7 8 9 10 11 18 19 20 21 22 
27 29 30 40 41 43 44 45 53 54 56 57 67 
92 93 94 96 105 106 107 108 109 118 119 121 122 
1 2 3 5 14 15 16 17 28 31 32 34 46 
12 13 24 25 26 35 37 38 51 75 76 89 97 
95 98 110 111 120 123 125 132 135 136 137 141 149 
61 82 83 84 86 99 101 112 113 114 124 127 
148 150 161 172 173 174 175 177 183 185 186 187 188 
131 133 134 144 145 146 147 157 158 159 170 171 184 
