4 5 12 13 14 23 25 26 27 28 29 30 31 38 
45 46 52 53 54 69 70 71 72 79 90 91 96 99 114 
1 2 3 15 16 32 33 34 35 36 37 43 55 56 67 
47 48 49 50 51 73 74 75 76 77 78 92 93 94 95 115 116 
117 118 119 120 130 133 134 136 137 138 139 140 141 142 143 144 145 146 
80 81 88 89 97 98 100 103 113 121 132 135 148 
122 123 124 125 126 127 128 129 131 147 149 150 151 152 
41 58 59 60 61 62 63 85 86 105 106 107 108 109 110 
6 7 8 9 10 11 17 18 19 20 21 22 24 39 40 
42 44 57 64 65 66 68 82 83 84 87 101 102 104 111 112 
