3 9 29 34 43 46 55 83 115 120 123 128 135 136 149 
2 5 13 33 37 39 76 78 82 95 96 103 116 126 147 
7 12 20 27 35 57 60 62 77 86 87 117 125 140 150 
14 30 41 44 48 52 71 100 101 107 112 121 132 146 
4 6 19 26 49 53 65 66 79 90 106 118 124 129 134 
25 40 50 51 54 61 64 68 69 73 81 85 108 114 144 145 
1 23 28 45 47 58 67 91 92 93 98 105 109 110 130 
11 15 17 21 32 59 63 72 74 84 113 127 131 141 
10 16 18 22 24 36 38 70 88 94 99 102 104 111 137 
8 31 42 56 75 80 89 97 119 122 133 138 139 142 143 148 
