   iter       time(s)          bestCost  feasible      bestThisIter    feasAnts noImprove
---------------------------------------------------------------------------------------------
     10          1.17          20748.81       YES          20880.98          10         2
     20          6.10          19999.33       YES          19920.71          10         2
     30         10.76          19912.57       YES          19921.03          10         0
     40         11.55          19912.57       YES          19912.57           9        10
     50         16.86          19912.57       YES          19990.22          10        20
     60         21.96          19912.57       YES          20425.91          10        30
     70         23.38          19912.57       YES          20691.90          10        10
     80         28.63          19864.73       YES          19864.73          12         5
     90         33.59          19864.73       YES          19976.58          10        15
    100         34.69          19864.73       YES          20229.81          10        25
    110         39.75          19864.73       YES          20661.52          10         5
    120         45.18          19864.73       YES          20444.86          10        15
    130         46.18          19864.73       YES          20269.57          10        25
    140         51.74          19864.73       YES          20520.11          10         5
    150         56.69          19864.73       YES          19873.18          10        15
    160         57.75          19864.73       YES          20049.19          10        25
