   iter       time(s)          bestCost  feasible      bestThisIter    feasAnts noImprove
---------------------------------------------------------------------------------------------
     10          1.23         428178.52       YES         460525.68          10         6
     20          6.85         421353.64       YES         421353.64          10         0
     30         12.21         420533.74       YES         428027.41          10         0
     40         12.86         417365.47       YES         417365.47          10         6
     50         18.97         417365.47       YES         433605.21          10        16
     60         25.26         417365.47       YES         422811.03          10        26
     70         26.72         417365.47       YES         462475.75          10         6
     80         33.19         417365.47       YES         449511.55          10        16
     90         39.39         417365.47       YES         443218.29          10        26
    100         41.01         417365.47       YES         433541.98          10         6
    110         47.29         417365.47       YES         429636.76          10        16
    120         53.38         417365.47       YES         432271.12          10        26
    130         54.99         417365.47       YES         439268.21          10         6
