   iter       time(s)          bestCost  feasible      bestThisIter    feasAnts noImprove
---------------------------------------------------------------------------------------------
      1          3.88         576198.96       YES         576198.96          10         0
      2         21.12         519148.24       YES         538948.64          10         1
      3         23.87         519148.24       YES         534508.12           9         2
      4         36.03         505451.90       YES         529619.94          10         1
      5         39.20         505451.90       YES         525394.89          10         2
      6         51.80         505451.90       YES         536113.97          10         3
      7         54.44         505451.90       YES         547017.03          10         4
      8         67.40         505451.90       YES         539672.16          10         5
      9         69.79         505451.90       YES         557799.80          10         6
     10         83.78         505451.90       YES         567060.76          10         7
     11         85.97         505451.90       YES         645916.66          10         8
     12         99.92         505451.90       YES         641177.80          10         9
     13        101.98         505451.90       YES         680136.89          10        10
     14        115.19         505451.90       YES         756934.77          10        11
     15        117.39         505451.90       YES         754506.59          10        12
     16        132.63         505451.90       YES         794423.71          10        13
     17        134.38         505451.90       YES         813882.76          10        14
     18        150.98         505451.90       YES         938778.31          10        15
     19        153.84         505451.90       YES         877395.64          10        16
     20        167.58         505451.90       YES         971407.70          10        17
     21        169.79         505451.90       YES        1036357.63          10        18
     22        184.97         505451.90       YES        1013046.20          10        19
     23        186.78         505451.90       YES        1053999.20          10        20
     24        201.43         505451.90       YES        1089138.10          10        21
     25        203.62         505451.90       YES        1040828.67          10        22
     26        215.98         505451.90       YES        1068389.35          10        23
     27        217.63         505451.90       YES        1013587.11          10        24
     28        229.10         505451.90       YES        1012514.82          10        25
     29        230.86         505451.90       YES        1064371.43          10        26
     30        242.19         505451.90       YES        1081227.26          10        27
     31        243.85         505451.90       YES        1111374.23          10        28
     32        254.81         505451.90       YES        1091779.72          10        29
     33        256.32         505451.90       YES        1080205.01          10        30
     34        268.01         505451.90       YES         591209.43          10         1
     35        270.81         505451.90       YES         528874.25          10         2
     36        282.52         505451.90       YES         555176.06          10         3
     37        285.36         505451.90       YES         544396.02          10         4
     38        298.93         504483.48       YES         537427.29          10         1
     39        301.34         504483.48       YES         518411.19          10         2
     40        313.51         504483.48       YES         532557.34          10         3
     41        316.19         504483.48       YES         527270.77          10         4
     42        329.45         504483.48       YES         530476.99          10         5
     43        331.76         504483.48       YES         580644.59          10         6
     44        343.82         504483.48       YES         568044.23          10         7
     45        345.93         504483.48       YES         591457.87          10         8
     46        358.39         504483.48       YES         619436.77          10         9
     47        360.16         504483.48       YES         699105.54          10        10
     48        370.91         504483.48       YES         703874.77          10        11
     49        372.67         504483.48       YES         838736.15          10        12
     50        383.80         504483.48       YES         766213.57          10        13
     51        385.52         504483.48       YES         870307.18          10        14
     52        397.07         504483.48       YES         887703.13          10        15
     53        398.84         504483.48       YES         935160.21          10        16
     54        411.61         504483.48       YES         925086.84          10        17
     55        413.23         504483.48       YES        1043310.22          10        18
     56        424.44         504483.48       YES        1047357.03          10        19
     57        425.97         504483.48       YES        1086435.58          10        20
     58        436.49         504483.48       YES        1134904.46          10        21
     59        438.00         504483.48       YES        1032012.62          10        22
     60        450.76         504483.48       YES        1048706.28          10        23
     61        452.63         504483.48       YES        1080698.91          10        24
     62        464.83         504483.48       YES        1062052.56          10        25
     63        466.45         504483.48       YES         959855.44          10        26
     64        478.33         504483.48       YES        1007901.37          10        27
     65        480.50         504483.48       YES        1052953.48          10        28
     66        492.36         504483.48       YES        1038312.10          10        29
     67        493.94         504483.48       YES        1077386.56          10        30
     68        506.82         504483.48       YES         607617.34          10         1
     69        509.12         504483.48       YES         527202.25          10         2
     70        522.23         504483.48       YES         527095.58          10         3
     71        525.01         504483.48       YES         537114.65          10         4
     72        537.85         504483.48       YES         532002.04          10         5
     73        540.03         504483.48       YES         556476.35          10         6
     74        552.17         504483.48       YES         597596.46          10         7
     75        554.42         504483.48       YES         554355.98          10         8
     76        566.42         504483.48       YES         622275.69          10         9
     77        568.33         504483.48       YES         705164.42          10        10
     78        580.46         504483.48       YES         779578.61          10        11
     79        582.33         504483.48       YES         683581.60          10        12
     80        594.28         504483.48       YES         750601.08          10        13
     81        596.20         504483.48       YES         867435.55          10        14
     82        607.58         504483.48       YES         860779.39          10        15
     83        609.32         504483.48       YES         919130.50          10        16
     84        620.54         504483.48       YES         996144.88          10        17
     85        622.17         504483.48       YES         997773.39          10        18
     86        632.98         504483.48       YES        1039635.87          10        19
     87        634.51         504483.48       YES        1102595.11          10        20
     88        645.42         504483.48       YES        1056578.52          10        21
     89        646.95         504483.48       YES        1089800.89          10        22
     90        659.00         504483.48       YES         990162.41          10        23
     91        660.61         504483.48       YES        1094170.97          10        24
     92        671.86         504483.48       YES        1101252.90          10        25
     93        673.44         504483.48       YES        1101349.37          10        26
     94        684.34         504483.48       YES        1069963.92          10        27
     95        685.83         504483.48       YES        1099382.55          10        28
     96        698.43         504483.48       YES        1015438.19          10        29
     97        700.59         504483.48       YES         985587.29          10        30
     98        716.89         504483.48       YES         592916.32          10         1
     99        719.66         504483.48       YES         527537.28          10         2
    100        735.61         504483.48       YES         527314.79          10         3
    101        738.21         504483.48       YES         539258.51          10         4
    102        752.68         504483.48       YES         540320.45          10         5
    103        756.77         504483.48       YES         578026.91          10         6
    104        772.55         504483.48       YES         584982.58          10         7
    105        774.83         504483.48       YES         560704.60          10         8
    106        787.48         504483.48       YES         668241.92          10         9
    107        789.58         504483.48       YES         676951.88          10        10
    108        802.20         504483.48       YES         712798.66          10        11
    109        804.13         504483.48       YES         762345.97          10        12
    110        816.19         504483.48       YES         801742.33          10        13
    111        817.98         504483.48       YES         821412.85          10        14
    112        835.06         504483.48       YES         881968.68          10        15
    113        836.85         504483.48       YES         826942.55          10        16
    114        849.41         504483.48       YES        1005945.54          10        17
    115        851.05         504483.48       YES        1010568.90          10        18
    116        863.45         504483.48       YES        1001301.16          10        19
    117        865.69         504483.48       YES        1112312.54          10        20
    118        880.17         504483.48       YES        1050766.97          10        21
    119        882.63         504483.48       YES        1106347.97          10        22
    120        898.75         504483.48       YES        1112046.05          10        23
    121        900.51         504483.48       YES        1074662.46          10        24
    122        914.32         504483.48       YES        1082993.29          10        25
    123        916.08         504483.48       YES        1040438.66          10        26
    124        928.23         504483.48       YES        1061067.28          10        27
    125        929.88         504483.48       YES        1056305.93          10        28
    126        942.47         504483.48       YES        1040111.02          10        29
    127        944.48         504483.48       YES        1068977.78          10        30
    128        957.60         504483.48       YES         593266.96          10         1
    129        960.14         504483.48       YES         531684.76          10         2
    130        973.57         504483.48       YES         536908.19          10         3
    131        976.51         504483.48       YES         531595.70          10         4
    132        989.12         504483.48       YES         545967.31          10         5
    133        991.72         504483.48       YES         539637.61          10         6
    134       1006.14         504483.48       YES         562576.72          10         7
    135       1008.30         504483.48       YES         582054.51          10         8
    136       1025.05         504483.48       YES         635204.51          10         9
    137       1027.12         504483.48       YES         599887.65          10        10
    138       1043.37         504483.48       YES         699322.54          10        11
    139       1045.71         504483.48       YES         746268.60          10        12
    140       1060.97         504483.48       YES         811370.94          10        13
    141       1063.79         504483.48       YES         882938.22          10        14
    142       1077.78         504483.48       YES         877302.94          10        15
    143       1079.57         504483.48       YES         975777.69          10        16
    144       1091.26         504483.48       YES         979634.31          10        17
    145       1092.94         504483.48       YES         970906.44          10        18
    146       1104.60         504483.48       YES        1042385.76          10        19
    147       1106.29         504483.48       YES        1017992.84          10        20
    148       1118.00         504483.48       YES        1101444.32          10        21
    149       1119.66         504483.48       YES        1034082.78          10        22
    150       1131.61         504483.48       YES        1120871.70          10        23
    151       1133.38         504483.48       YES        1059360.46          10        24
    152       1146.36         504483.48       YES        1113695.98          10        25
    153       1148.05         504483.48       YES        1013263.74          10        26
    154       1161.28         504483.48       YES        1110998.90          10        27
    155       1162.90         504483.48       YES        1086967.45          10        28
    156       1175.62         504483.48       YES        1098253.93          10        29
    157       1177.31         504483.48       YES        1135210.15          10        30
    158       1193.52         504483.48       YES         595152.40          10         1
    159       1197.29         504483.48       YES         514173.35          10         2
    160       1211.92         502874.40       YES         537074.25          10         1
    161       1215.14         502874.40       YES         530665.86          10         2
    162       1229.84         502874.40       YES         529112.58          10         3
    163       1233.24         502874.40       YES         534876.49          10         4
    164       1247.60         502874.40       YES         530886.94          10         5
    165       1251.21         502874.40       YES         551853.61          10         6
    166       1266.23         502874.40       YES         594816.34          10         7
    167       1268.66         502874.40       YES         589372.24          10         8
    168       1283.71         502874.40       YES         640323.61          10         9
    169       1286.06         502874.40       YES         658766.90          10        10
    170       1301.41         502874.40       YES         674522.02          10        11
    171       1303.43         502874.40       YES         831990.84          10        12
    172       1316.34         502874.40       YES         849853.75          10        13
    173       1318.28         502874.40       YES         851659.90          10        14
    174       1331.68         502874.40       YES         897244.48          10        15
    175       1333.48         502874.40       YES         940051.37          10        16
    176       1348.62         502874.40       YES         949496.01          10        17
    177       1350.89         502874.40       YES        1010505.94          10        18
    178       1364.47         502874.40       YES        1100176.07          10        19
    179       1366.24         502874.40       YES        1116266.54          10        20
    180       1377.82         502874.40       YES        1047157.64          10        21
    181       1379.46         502874.40       YES        1107223.93          10        22
    182       1390.94         502874.40       YES        1095537.11          10        23
    183       1392.58         502874.40       YES        1037578.11          10        24
    184       1404.03         502874.40       YES        1046290.36          10        25
    185       1405.68         502874.40       YES        1048396.26          10        26
    186       1417.70         502874.40       YES        1043545.86          10        27
    187       1419.32         502874.40       YES        1008334.27          10        28
    188       1430.58         502874.40       YES        1097275.34          10        29
    189       1432.14         502874.40       YES        1106574.32          10        30
    190       1442.90         502874.40       YES         639701.94          10         1
    191       1445.67         502874.40       YES         522211.16          10         2
    192       1456.48         497023.25       YES         528794.62          10         1
    193       1458.00         497023.25       YES         540321.08          10         2
    194       1469.06         497023.25       YES         519435.81          10         3
    195       1471.16         497023.25       YES         525201.76          10         4
    196       1482.06         497023.25       YES         544232.75          10         5
    197       1484.41         497023.25       YES         551623.81          10         6
    198       1495.09         497023.25       YES         541447.36          10         7
    199       1496.97         497023.25       YES         604015.80          10         8
    200       1507.58         497023.25       YES         644627.57          10         9
