   iter       time(s)          bestCost  feasible      bestThisIter    feasAnts noImprove
---------------------------------------------------------------------------------------------
     10          0.45         763709.84       YES         763709.84          10         2
     20          2.90         763709.84       YES         763709.84          12        12
     30          5.39         763709.84       YES         763709.84          10        22
     40          5.86         763248.14       YES         763248.14          16         4
     50          8.78         762035.83       YES         762035.83          14         2
     60         11.60         762035.83       YES         762035.83          11        12
     70         12.07         762035.83       YES         762035.83          10        22
     80         14.58         762035.83       YES         762035.83           9         2
     90         17.70         762035.83       YES         762035.83          10        12
    100         18.17         762035.83       YES         762035.83           9        22
    110         20.76         762035.83       YES         770969.35          10         2
    120         23.44         762035.83       YES         762035.83          10        12
    130         23.97         762035.83       YES         762035.83          10        22
    140         27.02         762035.83       YES         763709.84          10         2
    150         29.59         762035.83       YES         762035.83          10        12
    160         30.01         762035.83       YES         762035.83          10        22
    170         32.52         762035.83       YES         785190.12           9         2
    180         35.23         762035.83       YES         762035.83           9        12
    190         35.80         760353.35       YES         760353.35          14         3
    200         38.84         760353.35       YES         760353.35          13        13
    210         41.43         760353.35       YES         760353.35          10        23
    220         41.94         760353.35       YES         767391.66          10         3
    230         44.88         760353.35       YES         766201.68           9        13
    240         47.73         760353.35       YES         766201.68          10        23
    250         48.20         760353.35       YES         765198.86          10         3
    260         50.69         760353.35       YES         766201.68          10        13
    270         53.75         760353.35       YES         760353.35          10        23
    280         54.35         760353.35       YES         794704.90          10         3
    290         56.85         760353.35       YES         766274.08           9        13
    300         59.56         760353.35       YES         760353.35          10        23
