   iter       time(s)          bestCost  feasible      bestThisIter    feasAnts noImprove
---------------------------------------------------------------------------------------------
     10          0.74         473068.37       YES         474597.05          10         6
     20          3.97         471919.19       YES         471919.19          23         2
     30          6.78         471874.02       YES         471874.02          10         8
     40          7.26         471806.08       YES         471874.02          27         1
     50         10.44         471806.08       YES         471806.08          10        11
     60         13.82         471806.08       YES         480576.71          10        21
     70         14.34         470622.72       YES         470622.72          12         5
     80         17.65         470622.72       YES         470622.72          10        15
     90         21.08         470622.72       YES         476172.51          10        25
    100         21.93         470622.72       YES         483934.12          10         5
    110         25.37         470622.72       YES         482571.88          10        15
    120         28.49         470622.72       YES         475450.38          10        25
    130         29.31         470622.72       YES         506950.50          10         5
    140         33.02         470622.72       YES         482637.53          10        15
    150         36.66         470622.72       YES         476427.26          10        25
    160         37.46         470622.72       YES         497467.95          10         5
    170         41.00         470622.72       YES         482772.60          10        15
    180         44.05         470622.72       YES         492304.16          10        25
    190         44.79         470622.72       YES         490116.63          10         5
    200         48.38         470622.72       YES         476972.49          10        15
    210         51.88         470622.72       YES         485086.75          10        25
    220         52.67         470622.72       YES         493752.13          10         5
    230         56.44         470622.72       YES         493787.15          10        15
    240         59.91         470622.72       YES         476398.47          10        25
