   iter       time(s)          bestCost  feasible      bestThisIter    feasAnts noImprove
---------------------------------------------------------------------------------------------
     10          1.02        1789406.00       YES        1796929.56          10         2
     20          6.76        1783721.98       YES        1783721.98          10         5
     30         12.49        1783721.98       YES        1788579.83          10        15
     40         13.67        1783721.98       YES        1810624.13          10        25
     50         19.03        1783721.98       YES        1805253.28          10         5
     60         24.62        1783721.98       YES        1796804.47          10        15
     70         25.55        1783721.98       YES        1802139.92          10        25
     80         31.50        1783721.98       YES        1796952.69          10         5
     90         37.32        1783721.98       YES        1796164.85          10        15
    100         38.29        1783721.98       YES        1810423.37          10        25
    110         43.99        1783721.98       YES        1816817.90          10         5
    120         49.52        1783721.98       YES        1783721.98          10        15
    130         50.56        1783721.98       YES        1823422.96          10        25
    140         56.31        1783721.98       YES        1790891.24          10         5
    150         62.32        1783721.98       YES        1791777.35          10        15
