10 33 36 45 57 69 74 81 92 96 97 100 136 144 
4 12 14 18 19 49 60 93 99 105 116 125 141 143 
5 28 38 39 43 56 62 71 72 83 86 88 101 119 124 126 
8 17 22 25 34 58 90 98 106 108 109 112 113 114 145 148 
1 13 15 27 40 53 65 79 85 107 110 130 137 
6 20 31 42 47 54 55 64 67 75 80 104 134 138 147 149 
21 50 70 76 91 94 95 102 111 121 123 129 131 133 139 
7 9 24 26 29 32 37 46 61 78 82 117 120 132 142 
11 16 44 48 51 52 63 66 84 87 103 127 128 135 146 150 
2 3 23 30 35 41 59 68 73 77 89 115 118 122 140 
