   iter       time(s)          bestCost  feasible      bestThisIter    feasAnts noImprove
---------------------------------------------------------------------------------------------
     10          0.66         126604.22       YES         126659.85          10         3
     20          5.81         124090.07       YES         124090.07          10         5
     30         10.87         124090.07       YES         124090.07          10        15
     40         11.49         124090.07       YES         124896.02          10        25
     50         17.11         124090.07       YES         126404.65          10         5
     60         22.96         124090.07       YES         124199.13          10        15
     70         23.64         124090.07       YES         125110.83          10        25
     80         29.11         124090.07       YES         125543.89          10         5
     90         34.63         124090.07       YES         124090.07          10        15
    100         35.26         124090.07       YES         124927.19          10        25
    110         40.90         124090.07       YES         125893.81          10         5
    120         46.55         124090.07       YES         124090.07          10        15
    130         47.25         124090.07       YES         124090.07          10        25
    140         52.81         124090.07       YES         127779.90          10         5
    150         58.64         124090.07       YES         124090.07          10        15
    160         59.32         124090.07       YES         124090.07          10        25
