   iter       time(s)          bestCost  feasible      bestThisIter    feasAnts noImprove
---------------------------------------------------------------------------------------------
     10          0.76        6666944.11       YES        6666944.11          10         4
     20          9.29        6651381.15       YES        6651381.15          10         6
     30         17.68        6651381.15       YES        6651381.15          12         9
     40         18.48        6651381.15       YES        6651381.15          10        19
     50         26.64        6651381.15       YES        6743905.38          10        29
     60         35.71        6651381.15       YES        6929238.63          10         9
     70         36.70        6651381.15       YES        6651381.15          10        19
     80         45.28        6651381.15       YES        6686594.75          10        29
     90         53.96        6651381.15       YES        6882378.83          10         9
    100         54.83        6651381.15       YES        6675757.61          10        19
