   iter       time(s)          bestCost  feasible      bestThisIter    feasAnts noImprove
---------------------------------------------------------------------------------------------
     10          0.45           1929.45       YES           1930.92          10         7
     20          2.39           1888.02       YES           1888.02          10         5
     30          4.24           1888.02       YES           1913.32          10        15
     40          4.74           1888.02       YES           1996.65          10        25
     50          6.88           1888.02       YES           1962.13          10         5
     60          9.40           1888.02       YES           1947.96          10        15
     70         10.01           1888.02       YES           1970.51          10        25
     80         11.98           1888.02       YES           1971.38          10         5
     90         14.07           1888.02       YES           1919.47          10        15
    100         14.59           1888.02       YES           1937.48          10        25
    110         17.00           1888.02       YES           1940.52          10         5
    120         19.21           1888.02       YES           1984.47          10        15
    130         19.67           1888.02       YES           1955.74          10        25
    140         21.66           1888.02       YES           1988.68          10         5
    150         24.12           1888.02       YES           1936.39          10        15
    160         24.70           1888.02       YES           1917.93          10        25
    170         26.98           1888.02       YES           2048.59          10         5
    180         29.05           1888.02       YES           1956.32          10        15
    190         29.54           1888.02       YES           1948.76          10        25
    200         31.90           1888.02       YES           1959.97          10         5
    210         34.33           1888.02       YES           1960.41          10        15
    220         34.81           1888.02       YES           1969.95          10        25
    230         36.78           1888.02       YES           1980.16          10         5
    240         38.98           1888.02       YES           1945.04          10        15
    250         39.63           1888.02       YES           1953.17          10        25
    260         42.16           1888.02       YES           1963.34          10         5
    270         44.25           1888.02       YES           1952.93          10        15
    280         44.75           1888.02       YES           1931.85          10        25
    290         46.79           1888.02       YES           1960.84          10         5
    300         48.86           1888.02       YES           1910.87          10        15
    310         49.41           1888.02       YES           1974.38          10        25
    320         51.77           1888.02       YES           1961.42          10         5
    330         54.25           1888.02       YES           1937.03          10        15
    340         54.76           1888.02       YES           1919.47          10        25
    350         56.77           1888.02       YES           1938.58          10         5
    360         59.00           1888.02       YES           1933.80          10        15
    370         59.57           1888.02       YES           1932.07          10        25
