   iter       time(s)          bestCost  feasible      bestThisIter    feasAnts noImprove
---------------------------------------------------------------------------------------------
     10          0.58        4637463.47       YES        4637463.47          10         0
     20          5.25        4515245.42       YES        4503043.99          10         1
     30          9.63        4477514.35       YES        4515245.42          31         0
     40         10.36        4463752.54       YES        4463752.54          14         6
     50         14.67        4452153.49       YES        4452153.49          10         2
     60         19.12        4443811.17       YES        4443811.17          19         5
     70         19.64        4443811.17       YES        4443811.17          10        15
     80         23.59        4443811.17       YES        4482092.77          10        25
     90         28.40        4443811.17       YES        4475183.09          10         5
    100         28.97        4443811.17       YES        4443811.17          10        15
    110         33.09        4443811.17       YES        4468065.56          10        25
    120         37.62        4443811.17       YES        4525132.07          10         5
    130         38.13        4443811.17       YES        4443811.17          10        15
    140         42.31        4443811.17       YES        4466680.81          10        25
    150         46.51        4443811.17       YES        4515413.22          10         5
    160         47.11        4443811.17       YES        4443811.17          10        15
    170         51.53        4443811.17       YES        4443811.17          10        25
    180         55.62        4443811.17       YES        4515300.89          10         5
    190         56.25        4443811.17       YES        4443811.17          10        15
