   iter       time(s)          bestCost  feasible      bestThisIter    feasAnts noImprove
---------------------------------------------------------------------------------------------
     10          1.45         136712.04       YES         136917.93          10         4
     20          5.49         131062.96       YES         131062.96          10         5
     30         10.23         131062.96       YES         144518.03           9        15
     40         11.65         131062.96       YES         141777.14          10        25
     50         16.72         131062.96       YES         144755.04          10         5
     60         21.78         131062.96       YES         136727.25           9        15
     70         23.34         131062.96       YES         141949.10          10        25
     80         28.34         128468.24       YES         128468.24          11         0
     90         32.81         126745.80       YES         126938.34          13         0
    100         33.98         126568.63       YES         126568.63          11         9
    110         38.23         126568.63       YES         140046.52          10        19
    120         43.35         126568.63       YES         150072.37           9        29
    130         45.01         126568.63       YES         147037.09          10         9
    140         50.21         126568.63       YES         140511.12          10        19
    150         54.83         126568.63       YES         140532.21          10        29
    160         56.89         126568.63       YES         144615.73          10         9
