   iter       time(s)          bestCost  feasible      bestThisIter    feasAnts noImprove
---------------------------------------------------------------------------------------------
     10          0.31         219727.60       YES         219727.60          12         0
     20          1.99         216948.29       YES         216948.29          16         3
     30          3.76         216948.29       YES         216948.29          10        13
     40          4.07         216948.29       YES         217217.89          10        23
     50          5.67         216948.29       YES         218134.36          10         3
     60          7.39         216948.29       YES         216948.29          10        13
     70          7.64         216948.29       YES         216948.29          10        23
     80          9.18         216948.29       YES         219517.80          10         3
     90         11.00         216948.29       YES         216948.29          10        13
    100         11.30         216948.29       YES         217232.78          10        23
    110         13.06         216948.29       YES         217895.57          10         3
    120         14.53         216948.29       YES         216948.29          10        13
    130         14.81         216948.29       YES         216948.29          10        23
    140         16.26         216948.29       YES         218134.36          10         3
    150         17.76         216948.29       YES         217217.89          10        13
    160         18.04         216948.29       YES         217232.78          10        23
    170         19.47         216948.29       YES         216948.29          10         3
    180         20.97         216948.29       YES         218250.39          10        13
    190         21.29         216948.29       YES         216948.29          10        23
    200         23.10         216948.29       YES         217502.38          10         3
    210         24.98         216948.29       YES         216948.29          10        13
    220         25.19         216948.29       YES         216948.29          10        23
    230         26.63         216948.29       YES         218331.02          10         3
    240         28.19         216948.29       YES         217818.52          10        13
    250         28.45         216948.29       YES         217895.57          10        23
    260         30.15         216948.29       YES         218310.55          10         3
    270         32.03         216948.29       YES         216948.29          10        13
    280         32.35         216948.29       YES         216948.29          10        23
    290         33.88         216948.29       YES         225567.76          10         3
    300         35.36         216948.29       YES         217818.52          10        13
    310         35.58         216948.29       YES         217217.89          10        23
    320         37.07         216948.29       YES         218423.97          10         3
    330         38.52         216948.29       YES         216948.29          10        13
    340         38.81         216948.29       YES         216948.29          10        23
    350         40.33         216948.29       YES         217232.78          10         3
    360         42.05         216948.29       YES         218833.82          10        13
    370         42.36         216948.29       YES         216948.29          10        23
    380         44.13         216948.29       YES         218833.82          10         3
    390         45.76         216948.29       YES         216948.29          10        13
    400         45.99         216948.29       YES         216948.29          10        23
    410         47.44         216948.29       YES         216948.29          10         3
    420         48.93         216948.29       YES         216948.29          10        13
    430         49.18         216948.29       YES         216948.29          10        23
    440         50.61         216948.29       YES         219726.07          10         3
    450         52.13         216948.29       YES         216948.29          10        13
    460         52.39         216948.29       YES         216948.29          10        23
    470         54.05         216948.29       YES         218833.82          10         3
    480         55.86         216948.29       YES         216948.29          10        13
    490         56.20         216948.29       YES         217895.57          10        23
    500         57.76         216948.29       YES         216948.29          10         3
    510         59.24         216948.29       YES         216948.29          10        13
    520         59.52         216948.29       YES         216948.29          10        23
