   iter       time(s)          bestCost  feasible      bestThisIter    feasAnts noImprove
---------------------------------------------------------------------------------------------
     10          0.88          82016.21       YES          83535.13          10         5
     20          3.78          81004.45       YES          81004.45           9         0
     30          6.54          81004.45       YES          81004.45          10        10
     40          7.24          81004.45       YES          81004.45          10        20
     50         10.36          81004.45       YES          83245.72          10        30
     60         13.39          81004.45       YES          82887.72          10        10
     70         14.09          81004.45       YES          83002.19           9        20
     80         17.51          81004.45       YES          82660.97          10        30
     90         20.38          81004.45       YES          81819.81          10        10
    100         21.08          81004.45       YES          81004.45          10        20
    110         24.41          81004.45       YES          81004.45          10        30
    120         27.65          81004.45       YES          85146.86          10        10
    130         28.25          81004.45       YES          81004.45          10        20
    140         31.30          81004.45       YES          81004.45          10        30
    150         34.68          81004.45       YES          83714.34          10        10
    160         35.33          81004.45       YES          81004.45          10        20
    170         38.06          81004.45       YES          81004.45          10        30
    180         41.17          81004.45       YES          83391.66          10        10
    190         41.89          81004.45       YES          83628.30          10        20
    200         45.20          81004.45       YES          83812.94          10        30
    210         48.18          81004.45       YES          82895.70          10        10
    220         48.87          81004.45       YES          82383.73          10        20
    230         52.08          81004.45       YES          83396.75          10        30
    240         55.33          81004.45       YES          83860.16          10        10
    250         55.94          81004.45       YES          81004.45          10        20
    260         58.92          81004.45       YES          81004.45          10        30
    270         62.23          81004.45       YES          82407.00          10        10
