   iter       time(s)          bestCost  feasible      bestThisIter    feasAnts noImprove
---------------------------------------------------------------------------------------------
     10          0.47          82360.11       YES          82843.57          12         1
     20          2.65          82360.11       YES          82360.11          10        11
     30          5.32          82206.40       YES          82360.11          34         0
     40          5.78          81896.26       YES          81896.26          13         5
     50          7.91          81866.06       YES          81866.06          11         8
     60         10.03          81866.06       YES          81866.06          10        18
     70         10.53          81866.06       YES          81866.06          10        28
     80         13.32          81866.06       YES          82690.62          10         8
     90         15.78          81866.06       YES          81866.06          10        18
    100         16.32          81866.06       YES          82623.24          10        28
    110         18.63          81866.06       YES          83116.15          10         8
    120         20.85          81866.06       YES          82107.31          10        18
    130         21.34          81866.06       YES          82150.08          10        28
    140         23.84          81866.06       YES          81992.36          10         8
    150         26.51          81866.06       YES          81866.06          10        18
    160         27.00          81866.06       YES          82360.11          10        28
    170         29.41          81866.06       YES          82206.40          10         8
    180         32.07          81866.06       YES          81866.06          10        18
    190         32.67          81866.06       YES          83375.96          10        28
    200         35.84          81866.06       YES          81911.52          10         8
    210         38.54          81866.06       YES          81866.06          10        18
    220         38.96          81866.06       YES          81866.06          10        28
    230         41.33          81866.06       YES          83412.90          10         8
    240         44.14          81866.06       YES          82107.31          10        18
    250         44.72          81866.06       YES          81866.06          10        28
    260         47.75          81866.06       YES          82592.00          10         8
    270         50.48          81866.06       YES          81866.06          10        18
    280         50.95          81866.06       YES          81866.06          10        28
    290         53.15          81866.06       YES          83708.01          10         8
    300         55.32          81866.06       YES          81866.06          10        18
    310         55.74          81866.06       YES          81866.06          10        28
    320         57.94          81866.06       YES          83502.57          10         8
    330         60.55          81866.06       YES          82150.08          10        18
