   iter       time(s)          bestCost  feasible      bestThisIter    feasAnts noImprove
---------------------------------------------------------------------------------------------
     10          0.43         516339.71       YES         517030.45           9         2
     20          3.55         516165.12       YES         516165.12          21         3
     30          6.00         515322.77       YES         515322.77          15         9
     40          6.35         515322.77       YES         515322.77          10        19
     50          8.84         515322.77       YES         515322.77          10        29
     60         11.65         515322.77       YES         516339.71          10         9
     70         12.16         515322.77       YES         515322.77          10        19
     80         14.68         515278.68       YES         515322.77          31         1
     90         16.93         515278.68       YES         515278.68          11        11
    100         17.34         515278.68       YES         515278.68          10        21
    110         20.25         515278.68       YES         527381.01          10         1
    120         23.30         515278.68       YES         520074.81          10        11
    130         23.65         515229.59       YES         515229.59           9         3
    140         26.09         515229.59       YES         515229.59          12        13
    150         28.50         515229.59       YES         518045.70           9        23
    160         28.96         515229.59       YES         522707.03          10         3
    170         31.77         515229.59       YES         520048.69          10        13
    180         34.74         515229.59       YES         521832.44          10        23
    190         35.19         515229.59       YES         517558.11          10         3
    200         37.90         515229.59       YES         520048.69          10        13
    210         40.10         513624.16       YES         513624.16          12         9
    220         40.47         513624.16       YES         517848.59          10        19
    230         43.30         513624.16       YES         513624.16          11        29
    240         45.85         513624.16       YES         513624.16          10         9
    250         46.19         513624.16       YES         513624.16          10        19
    260         48.63         513624.16       YES         513624.16          10        29
    270         51.39         513624.16       YES         521703.59          10         9
    280         51.85         513624.16       YES         513624.16           9        19
    290         54.41         513624.16       YES         513624.16          10        29
    300         56.77         513624.16       YES         520355.28          10         9
    310         57.18         513624.16       YES         513624.16          10        19
    320         59.94         513624.16       YES         513624.16          10        29
