   iter       time(s)          bestCost  feasible      bestThisIter    feasAnts noImprove
---------------------------------------------------------------------------------------------
     10          0.56           6030.31       YES           6030.31          10         3
     20          3.44           5963.84       YES           5963.84          10         5
     30          6.60           5945.50       YES           5963.84          11         2
     40          7.18           5945.50       YES           5945.50          10        12
     50          9.95           5945.50       YES           6071.19          10        22
     60         13.55           5945.50       YES           6119.31          10         2
     70         14.45           5945.50       YES           6070.80          10        12
     80         17.37           5945.50       YES           5945.50          10        22
     90         20.35           5945.50       YES           5982.36          10         2
    100         21.23           5945.50       YES           5986.08          10        12
    110         24.52           5945.50       YES           5973.21          10        22
    120         27.63           5945.50       YES           6075.76          10         2
    130         28.41           5945.50       YES           6110.09          10        12
    140         31.66           5945.50       YES           6134.89          10        22
    150         35.31           5945.50       YES           5945.50          10         2
    160         36.40           5945.50       YES           5987.09          10        12
    170         39.53           5945.50       YES           5978.19          10        22
    180         42.45           5945.50       YES           6000.87          10         2
    190         43.31           5945.50       YES           6001.25          10        12
    200         46.24           5945.50       YES           6124.68          10        22
    210         49.84           5945.50       YES           6070.55          10         2
    220         50.76           5945.50       YES           6135.52          10        12
    230         53.58           5945.50       YES           6091.68          10        22
    240         56.99           5945.50       YES           6083.90          10         2
    250         58.08           5945.50       YES           6030.93          10        12
