   iter       time(s)          bestCost  feasible      bestThisIter    feasAnts noImprove
---------------------------------------------------------------------------------------------
     10          0.77        1695923.94       YES        1695923.94          11         0
     20          7.70        1687913.18       YES        1687913.18          13         0
     30         14.63        1685665.91       YES        1685665.91          16         4
     40         15.22        1678031.00       YES        1678031.00          16         4
     50         22.25        1678031.00       YES        1678031.00          10        14
     60         29.38        1678031.00       YES        1687331.32          10        24
     70         30.13        1678031.00       YES        1718758.61          10         4
     80         37.29        1678031.00       YES        1678031.00          10        14
     90         44.53        1678031.00       YES        1680379.18          10        24
    100         45.49        1678031.00       YES        1686056.21          10         4
    110         52.62        1678031.00       YES        1679671.42          10        14
    120         58.99        1676048.75       YES        1676048.75          15         3
    130         59.56        1676048.75       YES        1676048.75          10        13
