35 46 47 48 49 50 51 52 63 64 76 77 78 79 80 81 91 92 94 95 
115 116 120 121 122 123 124 132 138 139 140 147 154 155 156 157 158 159 160 161 
129 131 134 135 136 137 141 142 143 144 145 146 148 149 150 152 153 162 163 164 166 
173 174 175 176 177 178 180 182 183 184 185 186 187 188 191 193 194 195 196 197 198 
37 38 39 45 54 61 62 65 66 74 82 83 88 89 90 96 97 98 99 
125 126 127 128 130 133 151 165 168 169 170 171 172 179 181 189 190 192 
13 41 44 55 56 57 58 59 67 68 70 71 72 73 75 84 85 86 87 100 
1 2 3 4 5 6 7 8 9 10 11 12 15 40 42 43 53 60 69 
93 101 102 103 104 105 106 107 108 109 110 111 112 113 114 117 118 119 167 
14 16 17 18 19 20 21 22 23 24 25 26 27 28 29 30 31 32 33 34 36 
