7 9 26 29 32 37 61 78 82 117 
11 48 52 57 66 84 87 96 128 150 
10 14 19 49 92 93 99 105 141 143 
16 18 44 51 63 103 120 127 135 146 
3 4 41 59 60 69 73 89 115 118 140 
6 20 31 42 47 55 64 65 67 104 110 
17 25 34 58 88 90 98 108 109 145 
2 21 23 30 35 68 77 80 91 123 
70 76 94 95 102 111 121 122 129 131 139 
1 13 15 27 79 85 107 116 130 147 
8 22 54 75 106 112 113 114 134 138 149 
12 24 40 46 53 125 132 137 142 
33 36 45 74 81 97 100 136 144 
5 28 38 43 56 71 86 101 119 
39 50 62 72 83 124 126 133 148 
