   iter       time(s)          bestCost  feasible      bestThisIter    feasAnts noImprove
---------------------------------------------------------------------------------------------
     10          0.44         109664.15       YES         109664.15          10         6
     20          2.14         109664.15       YES         109664.15          10        16
     30          3.92         109664.15       YES         109664.15          10        26
     40          4.39         109664.15       YES         111274.73          10         6
     50          6.54         109664.15       YES         110380.82          10        16
     60          8.27         109664.15       YES         110599.81          10        26
     70          8.74         109664.15       YES         114111.68          10         6
     80         10.43         109664.15       YES         111990.91          10        16
     90         12.28         109664.15       YES         109664.15          10        26
    100         12.84         109664.15       YES         112265.77          10         6
    110         14.95         109664.15       YES         109664.15          10        16
    120         16.58         109664.15       YES         112713.52          10        26
    130         17.00         109664.15       YES         113109.67          10         6
    140         18.73         109664.15       YES         109664.15          10        16
    150         20.66         109664.15       YES         112775.91          10        26
    160         21.21         109664.15       YES         110821.48          10         6
    170         23.29         109664.15       YES         109664.15          10        16
    180         24.93         109664.15       YES         110132.85          10        26
    190         25.35         109664.15       YES         112894.73          10         6
    200         27.05         109664.15       YES         109664.15          10        16
    210         29.06         109664.15       YES         112119.71          10        26
    220         29.63         109664.15       YES         112507.68          10         6
    230         31.65         109664.15       YES         112136.97          10        16
    240         33.30         109664.15       YES         115132.50          10        26
    250         33.76         109664.15       YES         113352.02          10         6
    260         35.54         109664.15       YES         111758.82          10        16
    270         37.62         109664.15       YES         111741.33          10        26
    280         38.14         109664.15       YES         114309.60          10         6
    290         40.00         109664.15       YES         111339.74          10        16
    300         41.69         109664.15       YES         112459.65          10        26
    310         42.12         109664.15       YES         112962.91          10         6
    320         43.82         109664.15       YES         111395.82          10        16
    330         45.54         109664.15       YES         110132.85          10        26
    340         45.98         109664.15       YES         116371.99          10         6
    350         47.82         109664.15       YES         110535.53          10        16
    360         49.92         109664.15       YES         112620.88          10        26
    370         50.38         109664.15       YES         114021.85          10         6
    380         52.19         109664.15       YES         109664.15          10        16
    390         53.83         109664.15       YES         112339.18          10        26
    400         54.26         109664.15       YES         113501.83          10         6
    410         56.09         109664.15       YES         109664.15          10        16
    420         58.13         109664.15       YES         110132.85          10        26
    430         58.71         109664.15       YES         117509.48          10         6
