   iter       time(s)          bestCost  feasible      bestThisIter    feasAnts noImprove
---------------------------------------------------------------------------------------------
     10          0.10         683878.63       YES         683878.63          10         7
     20          1.36         683878.63       YES         683878.63          10        17
     30          2.65         683878.63       YES         683878.63          10        27
     40          2.78         683878.63       YES         683878.63          11         7
     50          4.06         683878.63       YES         683878.63          11        17
     60          5.12         683878.63       YES         683878.63          11        27
     70          5.23         683878.63       YES         683878.63          10         7
     80          6.24         683878.63       YES         683878.63          10        17
     90          7.29         683878.63       YES         683878.63          11        27
    100          7.42         681091.40       YES         681091.40          10         4
    110          8.44         679873.90       YES         679873.90          20         5
    120          9.45         679873.90       YES         679873.90          13        15
    130          9.55         679873.90       YES         679873.90          10        25
    140         10.59         679873.90       YES         684542.40          10         5
    150         11.63         679873.90       YES         679873.90          11        15
    160         11.74         679873.90       YES         679873.90          11        25
    170         12.88         679873.90       YES         679873.90          10         5
    180         14.20         679873.90       YES         679873.90          10        15
    190         14.32         679873.90       YES         679873.90          10        25
    200         15.62         679873.90       YES         679873.90          10         5
    210         16.79         679873.90       YES         679873.90          12        15
    220         16.90         679873.90       YES         679873.90          10        25
    230         17.97         679873.90       YES         679873.90          10         5
    240         19.01         679873.90       YES         679873.90          10        15
    250         19.11         679873.90       YES         679873.90          11        25
    260         20.16         679873.90       YES         679873.90          10         5
    270         21.39         679873.90       YES         679873.90          10        15
    280         21.50         679873.90       YES         679873.90          11        25
    290         22.81         679873.90       YES         679873.90          10         5
    300         24.11         679873.90       YES         679873.90          11        15
    310         24.23         679873.90       YES         679873.90          10        25
    320         25.30         679873.90       YES         681566.85          10         5
    330         26.36         679873.90       YES         679873.90          13        15
    340         26.45         679873.90       YES         679873.90          11        25
    350         27.47         679873.90       YES         679873.90          10         5
    360         28.50         679873.90       YES         679873.90          10        15
    370         28.59         679873.90       YES         679873.90          10        25
    380         29.62         679873.90       YES         682095.25          10         5
    390         30.68         679873.90       YES         679873.90          10        15
    400         30.77         679873.90       YES         679873.90          11        25
    410         31.82         679873.90       YES         679873.90          10         5
    420         33.04         679873.90       YES         679873.90          12        15
    430         33.18         679873.90       YES         679873.90          11        25
    440         34.59         679873.90       YES         679873.90          10         5
    450         35.95         679873.90       YES         679873.90          11        15
    460         36.06         679873.90       YES         679873.90          10        25
    470         37.41         679873.90       YES         686249.71          10         5
    480         38.81         679873.90       YES         679873.90          11        15
    490         38.94         679873.90       YES         679873.90          11        25
    500         40.28         679873.90       YES         679873.90          10         5
    510         41.34         679873.90       YES         679873.90          11        15
    520         41.43         679873.90       YES         679873.90          11        25
    530         42.48         679873.90       YES         679873.90          10         5
    540         43.72         679873.90       YES         679873.90          14        15
    550         43.82         679873.90       YES         679873.90          13        25
    560         44.99         679873.90       YES         679873.90          10         5
    570         46.32         679873.90       YES         679873.90          12        15
    580         46.42         679873.90       YES         679873.90          11        25
    590         47.74         679873.90       YES         679873.90          10         5
    600         48.91         679873.90       YES         679873.90          11        15
    610         49.00         679873.90       YES         679873.90          10        25
    620         50.05         679873.90       YES         679873.90          10         5
    630         51.10         679873.90       YES         679873.90          12        15
    640         51.21         679873.90       YES         679873.90          10        25
    650         52.31         679873.90       YES         681091.40          10         5
    660         53.59         679873.90       YES         679873.90          13        15
    670         53.71         679873.90       YES         679873.90          11        25
    680         55.00         679873.90       YES         679873.90          10         5
    690         56.29         679873.90       YES         679873.90          11        15
    700         56.39         679873.90       YES         679873.90          10        25
    710         57.41         679873.90       YES         679873.90          10         5
    720         58.47         679873.90       YES         679873.90          10        15
    730         58.57         679873.90       YES         679873.90          11        25
    740         59.67         679873.90       YES         679873.90          10         5
    750         60.82         679873.90       YES         679873.90          10        15
