   iter       time(s)          bestCost  feasible      bestThisIter    feasAnts noImprove
---------------------------------------------------------------------------------------------
     10          2.75         620898.30       YES         687432.88          10         6
     20         10.74         580340.36       YES         580340.36           9         2
     30         18.30         576931.35       YES         580159.00          17         0
     40         19.97         574651.05       YES         574651.05          26         1
     50         27.64         574651.05       YES         640563.26          10        11
     60         35.96         574651.05       YES         675117.77           9        21
     70         38.24         574651.05       YES         698144.98          10         1
     80         47.10         574651.05       YES         720671.75          10        11
     90         55.70         574651.05       YES         695053.93           9        21
    100         58.64         574651.05       YES         708829.67          10         1
