   iter       time(s)          bestCost  feasible      bestThisIter    feasAnts noImprove
---------------------------------------------------------------------------------------------
     10          0.31        4497667.93       YES        4497667.93          12         3
     20          3.25        4494365.93       YES        4494365.93          17         8
     30          6.26        4494365.93       YES        4494365.93          10        18
     40          6.55        4494365.93       YES        4494365.93          10        28
     50          9.60        4494365.93       YES        4494365.93          10         8
     60         12.60        4494365.93       YES        4494365.93          10        18
     70         12.93        4494365.93       YES        4494365.93          10        28
     80         16.07        4494365.93       YES        4528418.66          10         8
     90         19.12        4494365.93       YES        4494365.93          10        18
    100         19.42        4494365.93       YES        4494365.93          10        28
    110         22.49        4494365.93       YES        4513285.21          10         8
    120         25.48        4494365.93       YES        4494365.93          11        18
    130         25.76        4494365.93       YES        4494365.93          10        28
    140         28.73        4494365.93       YES        4494365.93          11         9
    150         31.68        4494365.93       YES        4494365.93          10        19
    160         31.95        4494365.93       YES        4494365.93          10        29
    170         35.09        4494365.93       YES        4497667.93          10         9
    180         38.07        4494365.93       YES        4494365.93          10        19
    190         38.38        4494365.93       YES        4494365.93          10        29
    200         41.46        4494365.93       YES        4494365.93          10         9
    210         44.44        4494365.93       YES        4494365.93          10        19
    220         44.70        4494365.93       YES        4494365.93          10        29
    230         47.81        4494365.93       YES        4494365.93          10         9
    240         50.87        4494365.93       YES        4494365.93          10        19
    250         51.19        4494365.93       YES        4494365.93          10        29
    260         54.36        4494365.93       YES        4499576.89          10         9
    270         57.37        4494365.93       YES        4494365.93          10        19
    280         57.67        4494365.93       YES        4494365.93          10        29
