70 76 91 111 121 129 131 139 
8 17 22 25 106 112 113 114 
18 29 37 49 120 135 142 
7 9 26 61 78 82 132 
6 31 47 54 67 75 104 134 149 
2 21 23 35 68 102 122 
50 86 94 95 123 133 
34 58 88 90 98 109 145 148 
13 20 42 55 64 79 110 
30 65 77 80 115 130 147 
16 44 51 63 66 127 128 146 
4 60 93 99 116 141 143 
1 15 27 40 53 85 107 
62 72 83 108 124 126 138 
11 48 52 84 87 96 103 150 
3 41 59 69 73 89 118 140 
33 57 81 97 100 136 144 
12 24 32 46 117 125 137 
10 14 19 36 45 74 92 105 
5 28 38 39 43 56 71 101 119 
