   iter       time(s)          bestCost  feasible      bestThisIter    feasAnts noImprove
---------------------------------------------------------------------------------------------
     10          0.48         361769.21       YES         362495.92          10         7
     20          5.56         361120.88       YES         361120.88          19         5
     30         10.90         361120.88       YES         361120.88          11        15
     40         11.18         361120.88       YES         361120.88          10        25
     50         15.96         361120.88       YES         362566.81          10         5
     60         20.55         361120.88       YES         361120.88          11        15
     70         20.86         361120.88       YES         361120.88          10        25
     80         25.99         361120.88       YES         361120.88          10         5
     90         31.45         361120.88       YES         361120.88          10        15
    100         31.80         361120.88       YES         361120.88          10        25
    110         36.54         361120.88       YES         363328.35          10         5
    120         40.93         361120.88       YES         361120.88          10        15
    130         41.24         361120.88       YES         362297.94          10        25
    140         45.74         361120.88       YES         362495.92          10         5
    150         49.80         361120.88       YES         361120.88          10        15
    160         50.07         361120.88       YES         361120.88          10        25
    170         54.36         361120.88       YES         362635.52          10         5
    180         58.22         361120.88       YES         361120.88          11        15
    190         58.52         361120.88       YES         361120.88          10        25
