   iter       time(s)          bestCost  feasible      bestThisIter    feasAnts noImprove
---------------------------------------------------------------------------------------------
     10          0.49          41075.06       YES          42350.44          10         6
     20          2.27          40705.32       YES          40705.32          10         5
     30          4.11          40465.18       YES          40465.18          10         3
     40          4.70          40005.85       YES          40010.36          34         1
     50          6.88          40005.85       YES          40005.85          10        11
     60          8.88          40005.85       YES          40571.55          10        21
     70          9.35          40005.85       YES          43222.24          10         1
     80         11.29          40005.85       YES          41402.26          10        11
     90         13.38          40005.85       YES          41327.52          10        21
    100         13.92          40005.85       YES          42008.77          10         1
    110         16.15          40005.85       YES          42323.79          10        11
    120         17.99          40005.85       YES          41817.38          10        21
    130         18.44          40005.85       YES          44665.78          10         1
    140         20.40          40005.85       YES          41043.87          10        11
    150         22.69          40005.85       YES          40710.28          10        21
    160         23.27          40005.85       YES          41757.65          10         1
    170         25.37          40005.85       YES          41809.20          10        11
    180         27.23          40005.85       YES          41064.90          10        21
    190         27.71          40005.85       YES          42126.54          10         1
    200         29.90          40005.85       YES          43158.67          10        11
    210         32.14          40005.85       YES          40005.85          10        21
    220         32.68          40005.85       YES          43319.33          10         1
    230         34.96          40005.85       YES          40359.07          10        11
    240         37.01          40005.85       YES          40005.85          10        21
    250         37.53          40005.85       YES          43745.89          10         1
    260         39.48          40005.85       YES          41336.07          10        11
    270         41.65          40005.85       YES          41070.94           9        21
    280         42.20          40005.85       YES          43604.03          10         1
    290         44.45          40005.85       YES          41043.87          10        11
    300         46.33          40005.85       YES          40096.08          10        21
    310         46.83          40005.85       YES          43773.91          10         1
    320         48.84          40005.85       YES          41927.84          10        11
    330         51.06          40005.85       YES          40096.08          10        21
    340         51.62          40005.85       YES          44180.55          10         1
    350         53.63          40005.85       YES          41080.58          10        11
    360         55.52          40005.85       YES          40794.17          10        21
    370         55.97          40005.85       YES          44031.84          10         1
    380         58.20          40005.85       YES          41080.58          10        11
    390         60.44          40005.85       YES          41039.25           9        21
