   iter       time(s)          bestCost  feasible      bestThisIter    feasAnts noImprove
---------------------------------------------------------------------------------------------
     10          0.68         797323.56       YES         803966.03          10         3
     20          3.89         793780.39       YES         793780.39          10         5
     30          7.82         793780.39       YES         810346.84          10        15
     40          8.46         793780.39       YES         810161.42          10        25
     50         11.76         790450.20       YES         790450.20           9         5
     60         15.78         790450.20       YES         804194.07          10        15
     70         16.48         790450.20       YES         803097.90           9        25
     80         20.01         790450.20       YES         813308.73          10         5
     90         24.26         790450.20       YES         790450.20          10        15
    100         24.98         790450.20       YES         791351.37          10        25
    110         28.57         790450.20       YES         812707.05          10         5
    120         32.73         790450.20       YES         790901.70          10        15
    130         33.44         790450.20       YES         827849.68          10        25
    140         37.23         790450.20       YES         828880.61          10         5
    150         41.15         790450.20       YES         817828.85          10        15
    160         41.92         790450.20       YES         806855.99          10        25
    170         45.72         790450.20       YES         813940.42          10         5
    180         49.71         790450.20       YES         796088.54          10        15
    190         50.42         790450.20       YES         818462.99          10        25
    200         54.52         790450.20       YES         823194.10          10         5
    210         58.31         790450.20       YES         798941.49          10        15
    220         59.01         790450.20       YES         819134.48          10        25
