   iter       time(s)          bestCost  feasible      bestThisIter    feasAnts noImprove
---------------------------------------------------------------------------------------------
     10          0.53         240984.59       YES         244565.60          10         1
     20          3.15         236221.44       YES         236221.44          11         5
     30          5.70         236221.44       YES         236221.44          10        15
     40          6.17         236221.44       YES         243976.95          10        25
     50          8.52         235969.62       YES         235969.62          15         5
     60         11.19         235969.62       YES         238965.75          10        15
     70         11.77         235969.62       YES         236444.53          10        25
     80         14.23         235969.62       YES         246074.97          10         5
     90         16.76         235969.62       YES         236221.44          10        15
    100         17.29         235969.62       YES         235969.62          10        25
    110         20.17         235969.62       YES         241126.97          10         5
    120         22.71         235969.62       YES         238035.76          10        15
    130         23.24         235969.62       YES         236444.53          10        25
    140         25.71         235423.40       YES         235423.40          13         5
    150         28.31         234717.89       YES         234717.89          15         4
    160         28.75         234717.89       YES         234717.89          10        14
    170         31.12         234717.89       YES         234717.89          10        24
    180         33.69         234717.89       YES         250618.30          10         4
    190         34.43         234717.89       YES         247290.57           9        14
    200         37.15         234717.89       YES         234717.89          10        24
    210         39.55         234717.89       YES         256320.73          10         4
    220         40.16         234717.89       YES         240054.68          10        14
    230         42.88         234717.89       YES         244415.87          10        24
    240         45.56         234717.89       YES         246557.64          10         4
    250         46.19         234717.89       YES         234717.89          10        14
    260         48.55         234717.89       YES         246515.79          10        24
    270         51.37         234717.89       YES         243801.06          10         4
    280         52.12         234717.89       YES         236221.44          10        14
    290         54.51         234717.89       YES         237292.41          10        24
    300         57.07         234717.89       YES         247078.02          10         4
    310         57.70         234717.89       YES         234717.89          10        14
