   iter       time(s)          bestCost  feasible      bestThisIter    feasAnts noImprove
---------------------------------------------------------------------------------------------
     10          0.95         989454.55       YES         993927.21          10         2
     20          7.78         978856.47       YES         982655.28          10         1
     30         14.55         976789.99       YES         982933.02          10         0
     40         15.29         976789.99       YES         982860.98          10        10
     50         22.07         976789.99       YES         984703.14          10        20
     60         29.03         976789.99       YES        1006230.35          10        30
     70         30.45         976789.99       YES        1021638.48          10        10
     80         37.43         976789.99       YES        1013583.13          10        20
     90         44.37         976789.99       YES        1005638.32          10        30
    100         45.75         976789.99       YES        1015582.10          10        10
    110         52.69         976789.99       YES         994155.97           9        20
    120         59.64         973637.35       YES         973637.35          10         3
