124 125 126 127 128 129 130 131 
48 49 50 51 75 77 79 
53 61 62 63 64 65 66 67 68 
8 9 10 11 12 147 148 154 
34 35 36 37 38 135 137 138 140 
91 92 93 108 116 117 118 
97 99 100 102 103 104 105 106 107 
109 110 111 112 113 114 115 122 
13 141 143 144 145 146 149 
52 69 70 71 72 73 74 76 78 
80 81 82 83 84 85 86 
54 55 56 57 58 59 60 
1 2 3 5 156 157 158 159 
4 6 7 150 151 152 153 155 
87 88 89 90 94 95 96 98 101 
18 26 27 28 29 30 31 
39 40 41 43 44 132 133 134 136 
16 19 20 21 22 23 24 25 
42 45 46 47 119 120 121 123 
14 15 17 32 33 139 142 
