115 116 120 121 122 123 138 139 154 155 156 157 169 
11 13 15 40 41 42 43 44 56 57 58 68 69 
14 16 17 18 19 20 21 22 23 24 25 26 27 34 35 
141 173 176 177 181 182 183 184 188 189 190 191 192 
124 125 126 129 130 131 132 133 134 135 136 140 168 
55 59 67 70 71 72 73 84 85 86 87 99 100 
143 145 146 147 148 149 150 152 153 158 159 160 161 162 
79 80 91 92 93 94 95 96 101 102 103 104 105 
28 29 30 31 32 33 36 37 38 39 45 53 
174 175 178 179 180 185 186 187 193 194 195 196 197 198 
1 2 3 4 5 6 7 8 9 10 12 60 66 
127 128 137 142 144 151 163 164 165 166 170 171 172 
106 107 108 109 110 111 112 113 114 117 118 119 167 
54 61 62 65 74 75 82 83 88 89 90 97 98 
46 47 48 49 50 51 52 63 64 76 77 78 81 
