   iter       time(s)          bestCost  feasible      bestThisIter    feasAnts noImprove
---------------------------------------------------------------------------------------------
     10          1.64          88658.04       YES          92447.87          10         7
     20          5.85          83305.98       YES          83523.84          26         1
     30          9.94          82987.26       YES          84334.49          10         0
     40         10.97          82987.26       YES          85506.01           9        10
     50         14.87          82017.25       YES          82017.25          10         0
     60         18.86          82017.25       YES          91126.89          10        10
     70         20.49          82017.25       YES          91632.96          10        20
     80         24.91          82017.25       YES          89966.04          10        30
     90         29.97          82017.25       YES         100769.58          10        10
    100         31.51          82017.25       YES          98475.45          10        20
    110         36.56          82017.25       YES          91633.92          10        30
    120         41.16          82017.25       YES          91959.17          10        10
    130         43.08          82017.25       YES          90907.80          10        20
    140         47.63          82017.25       YES          91295.02          10        30
    150         52.83          82017.25       YES         100024.70           9        10
    160         54.48          82017.25       YES          99892.28          10        20
    170         59.23          82017.25       YES          96274.41          10        30
