65 67 88 101 102 103 
119 120 121 133 134 135 144 145 
3 4 14 28 29 30 31 32 38 
118 136 137 138 141 142 143 146 
70 80 89 100 113 114 
44 55 56 66 68 81 
43 57 82 87 104 111 112 
41 42 58 59 60 61 63 64 
45 46 52 53 54 69 71 72 79 
6 7 11 12 20 22 23 
123 124 125 126 127 128 150 151 152 
8 9 10 17 18 19 21 40 
122 129 130 131 132 147 148 149 
1 2 15 16 33 34 35 36 37 
62 83 84 86 105 106 108 109 
90 91 96 97 98 99 115 
5 13 24 25 26 27 39 
47 48 49 50 51 73 74 75 76 
85 107 110 117 139 140 
77 78 92 93 94 95 116 
