84 95 111 112 123 124 125 126 135 137 
1 3 14 15 16 27 28 29 40 
147 171 172 173 174 175 183 185 186 188 
66 68 79 80 81 82 83 93 96 
12 26 36 37 39 49 50 52 59 63 75 
104 128 129 130 139 141 142 143 155 156 
136 149 150 151 152 160 163 164 165 166 
92 94 105 106 107 108 109 119 121 122 
41 43 44 45 53 54 55 56 57 67 
64 77 78 87 90 102 103 115 116 117 
48 51 61 65 74 76 88 89 91 
2 9 10 13 24 25 34 35 38 
132 133 145 148 161 162 176 177 184 187 
5 17 18 22 30 31 32 33 46 47 
179 180 181 182 189 190 191 192 193 194 195 
4 6 7 8 11 19 20 21 23 
42 58 60 69 70 71 72 73 85 97 
62 86 98 99 100 101 113 114 127 
110 138 140 153 154 167 168 169 178 
118 120 131 134 144 146 157 158 159 170 
