   iter       time(s)          bestCost  feasible      bestThisIter    feasAnts noImprove
---------------------------------------------------------------------------------------------
     10          2.31         935704.74       YES         942121.65           9         3
     20         10.43         921955.95       YES         927983.84          10         2
     30         18.48         920957.98       YES         921944.74          12         1
     40         19.95         920084.00       YES         925401.49          10         8
     50         28.50         920084.00       YES         936684.79           9        18
     60         37.53         919118.44       YES         937171.64          10         0
     70         39.28         919118.44       YES         931084.18          10        10
     80         48.35         919118.44       YES         953575.29          10        20
     90         57.65         919118.44       YES         960829.11          10        30
