23 32 38 43 67 101 129 131 147 
12 24 36 53 61 69 116 118 127 
2 6 9 28 37 40 42 47 120 139 
14 15 16 77 78 79 80 122 133 
19 29 70 86 99 102 108 114 135 
7 8 30 35 52 84 89 93 96 124 
18 50 55 58 65 75 85 132 137 142 
1 3 10 34 48 63 73 76 87 98 113 
4 13 44 45 68 71 91 106 115 119 128 150 
26 33 54 56 92 105 111 126 134 138 146 
5 82 95 97 100 103 107 143 
11 17 39 41 57 60 66 117 130 140 148 
27 31 49 64 72 74 112 123 136 144 145 
20 25 46 51 81 83 90 109 110 141 
21 22 59 62 88 94 104 121 125 149 
