   iter       time(s)          bestCost  feasible      bestThisIter    feasAnts noImprove
---------------------------------------------------------------------------------------------
     10          0.21         207384.88       YES         207384.88          10         1
     20          1.56         207321.11       YES         207321.11          10         9
     30          2.95         207321.11       YES         207321.11          10        19
     40          3.17         207321.11       YES         210220.93          10        29
     50          4.82         207321.11       YES         207321.11          10         9
     60          6.47         207321.11       YES         207321.11          10        19
     70          6.76         207321.11       YES         207321.11          10        29
     80          8.36         207321.11       YES         207321.11          10         9
     90          9.74         207321.11       YES         207321.11          10        19
    100          9.95         207321.11       YES         207321.11          10        29
    110         11.41         207321.11       YES         207321.11          10         9
    120         12.83         207321.11       YES         207321.11          10        19
    130         13.04         207321.11       YES         207321.11          10        29
    140         14.49         207321.11       YES         207321.11          10         9
    150         15.90         207321.11       YES         207321.11          10        19
    160         16.13         207321.11       YES         209132.96          10        29
    170         17.85         207321.11       YES         208712.80          10         9
    180         19.54         207321.11       YES         207321.11          10        19
    190         19.78         207321.11       YES         207321.11          10        29
    200         21.20         207321.11       YES         209132.96          10         9
    210         22.63         207321.11       YES         207321.11          10        19
    220         22.83         207321.11       YES         207321.11          10        29
    230         24.43         207321.11       YES         210067.33          10         9
    240         26.08         207321.11       YES         207321.11          10        19
    250         26.34         207321.11       YES         207321.11          10        29
    260         28.05         207321.11       YES         208625.34          10         9
    270         29.42         207321.11       YES         207321.11          10        19
    280         29.66         207321.11       YES         207321.11          10        29
    290         31.10         207321.11       YES         209168.98          10         9
    300         32.62         207321.11       YES         207321.11          10        19
    310         32.89         207321.11       YES         207321.11          10        29
    320         34.66         207321.11       YES         207384.88          10         9
    330         36.29         207321.11       YES         207321.11          10        19
    340         36.48         207321.11       YES         207321.11          10        29
    350         37.91         207321.11       YES         208712.80          10         9
    360         39.34         207321.11       YES         207321.11          10        19
    370         39.55         207321.11       YES         207321.11          10        29
    380         41.24         207321.11       YES         211563.51          10         9
    390         42.94         207321.11       YES         207321.11          10        19
    400         43.18         207321.11       YES         207321.11          10        29
    410         44.73         207321.11       YES         209846.86          10         9
    420         46.14         207321.11       YES         207321.11          10        19
    430         46.34         207321.11       YES         207321.11          10        29
    440         47.79         207321.11       YES         207321.11          10         9
    450         49.44         207321.11       YES         207321.11          10        19
    460         49.67         207321.11       YES         207321.11          10        29
    470         51.39         207321.11       YES         208572.50          10         9
    480         52.84         207321.11       YES         207384.88          10        19
    490         53.04         207321.11       YES         207321.11          10        29
    500         54.48         207321.11       YES         207321.11          10         9
    510         55.88         207321.11       YES         207321.11          10        19
    520         56.15         207321.11       YES         207321.11          10        29
    530         57.92         207321.11       YES         210205.12          10         9
    540         59.61         207321.11       YES         207321.11          10        19
    550         59.83         207321.11       YES         207321.11          10        29
