127 173 174 175 176 177 178 179 180 184 185 186 187 188 189 190 192 193 194 195 196 198 
42 45 64 77 78 80 81 82 89 90 91 92 95 96 101 103 111 118 120 
26 28 29 30 31 32 33 34 36 37 39 46 47 50 51 52 53 63 65 74 75 98 
124 125 126 128 129 131 133 135 137 138 140 141 142 143 155 158 159 160 169 170 171 
93 94 102 104 105 106 107 112 113 114 115 116 117 121 122 123 139 154 156 157 
1 2 3 4 5 6 7 8 9 10 11 12 13 15 41 58 69 83 100 
132 134 136 144 145 146 147 148 149 150 151 152 153 161 162 163 165 166 172 
43 44 54 56 57 59 60 62 66 67 68 71 72 73 84 85 87 88 97 99 
14 16 17 18 19 20 21 22 23 24 25 27 35 38 40 49 61 70 
48 55 76 79 86 108 109 110 119 130 164 167 168 181 182 183 191 197 
