   iter       time(s)          bestCost  feasible      bestThisIter    feasAnts noImprove
---------------------------------------------------------------------------------------------
     10          1.60           2389.58       YES           2493.21          10         6
     20          5.74           2281.38       YES           2308.19          10         5
     30          9.87           2254.53       YES           2268.11           9         0
     40         10.97           2237.99       YES           2237.99           8         0
     50         15.08           2237.99       YES           2342.63          10        10
     60         19.74           2236.53       YES           2395.08          10         0
     70         20.96           2194.95       YES           2236.53          24         1
     80         25.00           2194.95       YES           2311.84          10        11
     90         29.62           2194.95       YES           2474.19          10        21
    100         31.43           2194.95       YES           2484.59          10         1
    110         36.32           2194.95       YES           2501.06          10        11
    120         41.12           2194.95       YES           2481.43          10        21
    130         42.97           2194.95       YES           2454.45           9         1
    140         47.82           2194.95       YES           2556.89          10        11
    150         52.47           2194.95       YES           2467.58           7        21
    160         54.19           2194.95       YES           2487.35          10         1
    170         59.04           2194.95       YES           2669.87           9        11
