   iter       time(s)          bestCost  feasible      bestThisIter    feasAnts noImprove
---------------------------------------------------------------------------------------------
     10          1.84         274864.72       YES         281135.71          10         4
     20         11.11         274864.72       YES         275615.51          10        14
     30         20.85         274459.69       YES         287802.72          10         0
     40         21.95         274024.28       YES         274940.69          10         5
     50         31.15         273089.09       YES         273089.09          11         4
     60         40.39         272071.30       YES         281485.84          10         0
     70         42.13         272071.30       YES         273089.09          10        10
     80         51.41         272071.30       YES         282924.98          10        20
     90         61.03         272071.30       YES         277508.99          10        30
