   iter       time(s)          bestCost  feasible      bestThisIter    feasAnts noImprove
---------------------------------------------------------------------------------------------
     10          0.95        1326975.85       YES        1327015.53          10         6
     20          8.38        1326975.85       YES        1328120.14          10        16
     30         15.06        1326975.85       YES        1326975.85          10        26
     40         16.00        1326975.85       YES        1329454.18          10         6
     50         23.29        1326975.85       YES        1326975.85          10        16
     60         30.32        1326975.85       YES        1326975.85          10        26
     70         31.21        1326975.85       YES        1330871.54          10         6
     80         38.44        1326975.85       YES        1328120.14          10        16
     90         45.49        1326975.85       YES        1326975.85          10        26
    100         46.40        1326975.85       YES        1326975.85          10         6
    110         53.42        1326975.85       YES        1326975.85          10        16
    120         60.50        1326975.85       YES        1326975.85          10        26
