   iter       time(s)          bestCost  feasible      bestThisIter    feasAnts noImprove
---------------------------------------------------------------------------------------------
     10          1.38         131428.11       YES         132070.93          10         4
     20          5.54         131117.97       YES         131428.11           8         9
     30          9.79         131047.41       YES         131047.41          10         6
     40         11.11         131047.41       YES         132538.83          10        16
     50         15.50         131047.41       YES         136169.34          10        26
     60         20.77         131047.41       YES         145311.66          10         6
     70         22.25         131047.41       YES         143659.90          10        16
     80         27.26         131047.41       YES         140185.82          10        26
     90         31.86         131047.41       YES         146112.58          10         6
    100         33.66         131047.41       YES         140895.94          10        16
    110         38.10         130701.65       YES         130701.65          10         5
    120         42.82         130276.65       YES         141238.64           9         0
    130         43.79         129813.90       YES         129813.90           9         9
    140         48.14         129813.90       YES         145621.47          10        19
    150         53.35         129813.90       YES         131203.36          10        29
    160         55.00         129813.90       YES         144004.35          10         9
    170         60.01         128358.56       YES         128358.56          10         5
