48 50 51 63 64 65 76 77 80 81 91 97 111 
133 135 140 142 143 144 145 151 164 165 166 172 190 
78 79 89 92 93 94 95 101 103 112 120 122 
128 137 146 147 148 149 150 152 153 161 163 171 
102 109 162 174 176 177 178 181 182 187 188 189 191 194 
119 124 125 126 127 129 130 131 132 134 136 141 160 169 170 
8 11 14 15 16 17 38 40 54 61 83 85 
1 2 3 4 5 6 7 9 10 12 13 41 69 
173 175 179 180 183 184 185 186 192 193 195 196 197 198 
18 19 20 21 22 23 24 25 26 27 35 39 49 
28 29 30 31 33 34 37 44 45 46 47 52 75 90 
82 86 117 121 138 139 154 155 156 157 158 159 
32 36 53 55 62 66 72 73 74 84 88 98 99 
104 105 106 107 108 110 113 114 115 116 118 123 167 168 
42 43 56 57 58 59 60 67 68 70 71 87 96 100 
