   iter       time(s)          bestCost  feasible      bestThisIter    feasAnts noImprove
---------------------------------------------------------------------------------------------
     10          0.75           6270.06       YES           6373.79          10         4
     20          4.12           6209.55       YES           6209.55          10         5
     30          7.10           6153.52       YES           6194.71          16         0
     40          7.53           6153.52       YES           6153.52          10        10
     50         10.79           6153.52       YES           6415.03          10        20
     60         14.74           6153.52       YES           6666.37          10        30
     70         15.61           6153.52       YES           6482.61          10        10
     80         18.95           6153.52       YES           6580.62          10        20
     90         22.80           6153.52       YES           6271.73          10        30
    100         23.74           6153.52       YES           6459.81          10        10
    110         27.05           6153.52       YES           6431.97          10        20
    120         30.89           6153.52       YES           6354.96          10        30
    130         31.76           6153.52       YES           6540.55          10        10
    140         35.06           6153.52       YES           6498.95          10        20
    150         38.37           6153.52       YES           6351.40          10        30
    160         39.50           6153.52       YES           6635.54          10        10
    170         43.24           6153.52       YES           6485.09          10        20
    180         46.56           6153.52       YES           6427.90          10        30
    190         47.52           6153.52       YES           6604.06          10        10
    200         50.86           6153.52       YES           6268.57          10        20
    210         54.75           6153.52       YES           6543.56          10        30
    220         55.61           6153.52       YES           6623.64          10        10
    230         58.97           6153.52       YES           6619.40          10        20
    240         62.77           6153.52       YES           6360.71          10        30
