   iter       time(s)          bestCost  feasible      bestThisIter    feasAnts noImprove
---------------------------------------------------------------------------------------------
     10          1.10           6282.53       YES           6302.09          10         2
     20          4.80           6222.67       YES           6222.67          10         9
     30          8.37           6210.88       YES           6210.88          10         0
     40          9.48           6210.88       YES           6234.44          10        10
     50         13.19           6140.44       YES           6140.44          12         5
     60         16.85           6140.44       YES           6140.44          10        15
     70         17.85           6140.44       YES           6205.52           9        25
     80         21.68           6140.44       YES           6542.74          10         5
     90         25.86           6140.44       YES           6205.69          10        15
    100         26.92           6140.44       YES           6157.52          10        25
    110         30.58           6140.44       YES           6552.53          10         5
    120         34.87           6140.44       YES           6205.69          10        15
    130         35.73           6140.44       YES           6346.60          10        25
    140         39.33           6140.44       YES           6514.15          10         5
    150         43.75           6140.44       YES           6355.76          10        15
    160         44.61           6140.44       YES           6276.66          10        25
    170         48.24           6140.44       YES           6516.22          10         5
    180         51.91           6129.49       YES           6419.60          10         0
    190         52.35           6089.42       YES           6089.42          10         3
    200         55.45           6089.42       YES           6089.42          10        13
    210         59.61           6089.42       YES           6421.88          10        23
