   iter       time(s)          bestCost  feasible      bestThisIter    feasAnts noImprove
---------------------------------------------------------------------------------------------
     10          0.60         179971.33       YES         180507.24          10         2
     20          3.77         171802.73       YES         171915.67          26         1
     30          6.29         171802.73       YES         171802.73          10        11
     40          6.89         171512.29       YES         171512.29          10         7
     50          9.59         171512.29       YES         171512.29          10        17
     60         12.28         171512.29       YES         171512.29          10        27
     70         13.25         171512.29       YES         177880.18          10         7
     80         16.25         170747.71       YES         170358.15          10         1
     90         18.94         170747.71       YES         170747.71          11        11
    100         19.45         170747.71       YES         176932.32          10        21
    110         22.44         170747.71       YES         185704.07          10         1
    120         25.70         170747.71       YES         177360.03          10        11
    130         26.36         170747.71       YES         170747.71          10        21
    140         29.25         170747.71       YES         186211.84          10         1
    150         31.81         170747.71       YES         175261.03          10        11
    160         32.45         170747.71       YES         172792.65          10        21
    170         35.57         170747.71       YES         178857.01          10         1
    180         38.38         170747.71       YES         176134.23          10        11
    190         38.97         170747.71       YES         171462.26          10        21
    200         41.83         170747.71       YES         182350.15          10         1
    210         45.15         170747.71       YES         176765.89          10        11
    220         45.74         170747.71       YES         173929.87          10        21
    230         48.79         170747.71       YES         178405.45          10         1
    240         51.43         170747.71       YES         175171.21          10        11
    250         52.07         170747.71       YES         178315.04          10        21
    260         55.29         170747.71       YES         181130.40          10         1
    270         58.15         170747.71       YES         172982.36          10        11
    280         58.64         170747.71       YES         174738.18          10        21
