   iter       time(s)          bestCost  feasible      bestThisIter    feasAnts noImprove
---------------------------------------------------------------------------------------------
     10          0.82         280299.73       YES         280299.73          10         5
     20          4.06         271307.53       YES         271307.53          18         1
     30          7.19         271307.53       YES         271307.53          10        11
     40          7.86         271307.53       YES         298711.31           9        21
     50         10.85         271307.53       YES         304258.12          10         1
     60         14.58         271307.53       YES         295856.34           9        11
     70         15.25         271307.53       YES         282673.71          10        21
     80         18.15         271307.53       YES         309581.15          10         1
     90         21.99         271307.53       YES         290391.44          10        11
    100         22.68         271307.53       YES         282803.27          10        21
    110         25.60         271307.53       YES         301528.19          10         1
    120         29.26         271307.53       YES         277755.10          10        11
    130         30.12         271307.53       YES         295427.56          10        21
    140         32.97         270940.24       YES         270940.24          11         5
    150         35.94         270129.21       YES         270940.24          10         9
    160         36.60         270129.21       YES         285917.79          10        19
    170         39.74         270129.21       YES         274823.48          10        29
    180         42.99         270129.21       YES         300542.15          10         9
    190         43.83         270129.21       YES         272316.55          10        19
    200         47.09         270129.21       YES         290097.39          10        29
    210         50.16         270129.21       YES         292478.94          10         9
    220         50.95         270129.21       YES         294339.69          10        19
    230         54.38         269934.40       YES         280127.56           8         3
    240         57.12         266252.16       YES         267713.58          26         1
    250         57.62         266252.16       YES         266252.16          11        11
