122 123 127 129 130 148 149 
1 2 15 16 33 36 37 
81 88 100 101 102 103 114 
8 9 17 18 105 111 
99 120 121 131 132 137 147 
47 48 49 50 73 74 75 76 77 
45 46 51 53 69 70 71 72 
3 4 14 29 31 32 34 
59 84 85 86 106 108 109 110 
57 58 63 65 82 83 87 104 
44 55 56 66 67 68 89 112 
78 91 92 93 94 95 115 116 
6 7 10 11 19 20 21 40 
12 22 23 25 26 27 39 
5 13 24 28 30 35 38 
124 125 126 128 150 151 152 
117 118 138 139 140 141 142 143 
52 54 79 80 90 96 97 98 113 
41 42 43 60 61 62 64 107 
119 133 134 135 136 144 145 146 
