   iter       time(s)          bestCost  feasible      bestThisIter    feasAnts noImprove
---------------------------------------------------------------------------------------------
     10          1.94          33846.61       YES          33953.12          10         1
     20         10.16          33556.91       YES          33955.28           8         5
     30         18.84          33332.30       YES          33556.91          21         0
     40         20.78          33332.30       YES          35101.07          10        10
     50         29.91          33332.30       YES          35370.92          10        20
     60         39.39          33332.30       YES          37227.01          10        30
     70         42.58          33332.30       YES          39835.74          10        10
     80         51.69          33332.30       YES          37695.01          10        20
     90         61.26          33332.30       YES          36467.41          10        30
