   iter       time(s)          bestCost  feasible      bestThisIter    feasAnts noImprove
---------------------------------------------------------------------------------------------
     10          2.14         604450.04       YES         607849.23          10         3
     20         12.82         581512.08       YES         581618.66          24         1
     30         23.02         581512.08       YES         593126.73          10        11
     40         24.57         572982.25       YES         577161.63          14         1
     50         35.06         572982.25       YES         572982.25          10        11
     60         46.26         572982.25       YES         591172.56          10        21
     70         48.82         572982.25       YES         640990.03          10         1
     80         60.22         569044.65       YES         581113.56          10         5
