15 20 22 23 26 27 28 29 30 31 32 33 34 35 36 37 39 46 47 52 
48 49 50 51 63 64 65 74 76 77 78 79 80 81 89 90 92 93 94 95 102 
174 175 176 177 178 179 180 181 182 184 185 186 187 188 190 192 193 194 195 196 197 198 
9 10 13 40 41 42 43 56 57 58 59 68 69 71 72 73 85 86 87 99 100 
138 139 145 146 147 148 149 152 153 154 155 156 157 158 159 160 161 162 
110 118 120 124 125 133 142 167 168 169 170 171 173 183 189 191 
38 44 45 53 54 55 60 61 62 66 67 70 75 82 83 84 88 97 98 
91 96 101 103 104 105 106 107 108 109 111 112 113 114 115 116 117 119 121 122 123 
126 127 128 129 130 131 132 134 135 136 137 140 141 143 144 150 151 163 164 165 166 172 
1 2 3 4 5 6 7 8 11 12 14 16 17 18 19 21 24 25 
