91 99 101 102 103 104 114 119 120 129 132 147 149 
44 55 56 57 58 62 63 65 66 67 68 81 82 88 89 112 
7 8 9 10 11 17 18 19 20 21 39 40 64 111 
41 42 43 59 60 61 83 84 85 86 105 106 107 108 109 110 
1 2 3 14 15 16 29 31 33 34 35 36 37 38 
117 118 133 134 135 136 137 138 139 140 141 142 143 144 145 146 
4 5 6 12 13 22 23 24 25 26 27 28 30 32 87 
121 122 123 124 125 126 127 128 130 131 148 150 151 152 
46 47 48 49 50 51 73 74 75 76 77 78 92 93 94 95 116 
45 52 53 54 69 70 71 72 79 80 90 96 97 98 100 113 115 
