4 13 14 29 30 31 32 
83 84 85 86 106 108 109 110 
7 8 9 10 17 18 19 40 
99 113 118 125 128 131 
11 20 21 22 23 24 26 39 
34 37 55 56 70 80 
45 46 52 53 54 69 71 72 
41 58 59 60 61 62 107 
123 124 126 127 149 150 151 152 
121 122 129 130 132 147 148 
79 90 91 96 97 98 114 
120 134 135 136 141 144 145 146 
42 63 64 87 104 105 111 
47 48 49 50 51 74 75 76 77 
117 119 133 137 138 139 140 142 143 
43 44 57 65 66 67 68 82 
81 88 89 100 101 102 103 112 
1 2 3 15 16 33 35 36 
5 6 12 25 27 28 38 
73 78 92 93 94 95 115 116 
