   iter       time(s)          bestCost  feasible      bestThisIter    feasAnts noImprove
---------------------------------------------------------------------------------------------
     10          2.22           2219.42       YES           2223.82          10         5
     20          8.71           2169.19       YES           2169.19          10         5
     30         14.97           2154.47       YES           2248.23          10         0
     40         16.55           2144.86       YES           2144.86          10         0
     50         22.21           2144.86       YES           2224.14          10        10
     60         29.50           2144.86       YES           2346.52          10        20
     70         32.24           2144.86       YES           2194.68          10        30
     80         39.55           2144.86       YES           2281.37          10        10
     90         46.87           2144.86       YES           2234.30          10        20
    100         49.83           2144.86       YES           2301.55          10        30
    110         57.87           2128.63       YES           2226.55          10         5
