   iter       time(s)          bestCost  feasible      bestThisIter    feasAnts noImprove
---------------------------------------------------------------------------------------------
     10          0.26         666400.39       YES         666400.39          10         6
     20          2.15         666400.39       YES         666400.39          12        16
     30          3.67         666400.39       YES         666400.39          10        26
     40          3.89         666400.39       YES         666400.39          10         6
     50          5.50         666400.39       YES         666400.39          13        16
     60          7.20         666400.39       YES         666400.39          10        26
     70          7.50         666400.39       YES         673642.28          10         6
     80          9.41         666400.39       YES         666400.39          11        16
     90         11.10         666400.39       YES         666400.39          10        26
    100         11.32         666400.39       YES         666400.39          10         6
    110         12.90         666400.39       YES         666400.39          10        16
    120         14.43         666400.39       YES         666400.39          10        26
    130         14.68         666400.39       YES         672843.97          10         6
    140         16.58         666400.39       YES         666400.39          12        16
    150         18.46         666400.39       YES         666400.39           9        26
    160         18.67         666400.39       YES         666400.39          10         6
    170         20.21         666400.39       YES         666400.39          10        16
    180         21.74         666400.39       YES         666400.39          11        26
    190         21.99         666400.39       YES         672843.97          10         6
    200         23.82         666400.39       YES         666400.39          12        16
    210         25.70         666400.39       YES         666400.39          10        26
    220         25.95         666400.39       YES         666400.39          10         6
    230         27.55         666400.39       YES         666400.39           9        16
    240         29.23         666400.39       YES         666400.39          11        26
    250         29.47         666400.39       YES         666400.39          10         6
    260         31.23         666400.39       YES         666400.39          11        16
    270         33.11         666400.39       YES         666400.39          10        26
    280         33.36         666400.39       YES         666400.39          10         6
    290         35.09         666400.39       YES         666400.39          11        16
    300         36.61         666400.39       YES         666400.39          10        26
    310         36.81         666400.39       YES         670425.53          10         6
    320         38.37         666400.39       YES         666400.39          10        16
    330         39.91         666400.39       YES         666400.39          10        26
    340         40.13         666400.39       YES         666400.39          10         6
    350         41.71         666400.39       YES         666400.39          10        16
    360         43.44         666400.39       YES         666400.39          10        26
    370         43.70         666400.39       YES         666400.39          10         6
    380         45.65         666400.39       YES         666400.39          10        16
    390         47.37         666400.39       YES         666400.39          10        26
    400         47.59         666400.39       YES         675836.17          10         6
    410         49.16         666400.39       YES         666400.39          10        16
    420         50.74         666400.39       YES         666400.39          10        26
    430         51.00         666400.39       YES         673387.55          10         6
    440         52.91         666400.39       YES         666400.39          10        16
    450         54.69         666400.39       YES         666400.39          10        26
    460         54.93         666400.39       YES         666400.39          10         6
    470         56.52         666400.39       YES         666400.39          10        16
    480         58.05         666400.39       YES         666400.39          10        26
    490         58.25         666400.39       YES         666400.39          10         6
