11 15 17 23 32 45 47 60 62 77 91 98 109 110 113 
7 9 20 25 51 57 58 61 87 117 125 135 140 145 150 
2 40 44 50 54 64 68 69 73 81 85 108 114 144 148 
16 18 19 22 26 53 65 66 70 79 88 94 106 129 134 137 
3 12 27 34 35 43 46 55 83 86 115 120 123 128 136 149 
5 13 33 37 39 76 82 95 103 116 126 146 147 
1 6 8 28 49 63 67 90 92 93 105 130 131 142 
10 21 24 36 38 59 72 74 84 99 102 104 111 127 141 
14 29 30 41 48 52 71 78 96 100 101 107 112 121 132 
4 31 42 56 75 80 89 97 118 119 122 124 133 138 139 143 
