   iter       time(s)          bestCost  feasible      bestThisIter    feasAnts noImprove
---------------------------------------------------------------------------------------------
     10          0.27         512648.15       YES         512648.15          12         3
     20          1.92         512253.03       YES         512253.03          16         5
     30          3.26         512253.03       YES         512253.03          10        15
     40          3.43         512253.03       YES         512253.03          10        25
     50          4.80         512253.03       YES         512648.15          10         5
     60          6.27         512253.03       YES         512253.03          10        15
     70          6.49         512253.03       YES         512253.03          10        25
     80          8.17         512253.03       YES         515797.94          10         5
     90          9.77         512253.03       YES         512253.03          10        15
    100          9.97         512253.03       YES         512253.03          10        25
    110         11.34         512253.03       YES         512253.03          10         5
    120         12.73         512253.03       YES         512253.03          10        15
    130         12.91         512253.03       YES         512253.03          10        25
    140         14.43         512253.03       YES         512253.03          10         5
    150         16.11         512253.03       YES         512253.03          12        15
    160         16.36         512253.03       YES         512253.03          10        25
    170         17.93         512253.03       YES         512253.03          10         5
    180         19.26         512253.03       YES         512253.03          10        15
    190         19.44         512253.03       YES         512253.03          10        25
    200         20.85         512253.03       YES         512253.03          10         5
    210         22.34         512253.03       YES         512253.03          10        15
    220         22.54         512253.03       YES         512253.03          10        25
    230         24.20         512253.03       YES         512253.03          10         5
    240         25.89         512253.03       YES         512253.03          10        15
    250         26.08         512253.03       YES         512253.03          10        25
    260         27.39         512253.03       YES         512253.03          10         5
    270         28.77         512253.03       YES         512253.03          10        15
    280         28.96         512253.03       YES         512253.03          10        25
    290         30.42         512253.03       YES         516330.87          10         5
    300         32.13         512253.03       YES         512253.03          10        15
    310         32.37         512253.03       YES         512253.03          10        25
    320         33.99         512253.03       YES         512856.45          10         5
    330         35.33         512253.03       YES         512253.03          10        15
    340         35.55         512253.03       YES         512253.03          10        25
    350         36.91         512253.03       YES         516330.87          10         5
    360         38.44         512253.03       YES         512253.03          11        15
    370         38.65         512253.03       YES         512253.03          10        25
    380         40.36         512253.03       YES         512253.03          10         5
    390         41.98         512253.03       YES         512253.03          10        15
    400         42.17         512253.03       YES         512253.03          10        25
    410         43.52         512253.03       YES         512648.15          10         5
    420         44.89         512253.03       YES         512253.03          10        15
    430         45.09         512253.03       YES         512253.03          11        25
    440         46.47         512253.03       YES         512648.15          10         5
    450         47.85         512253.03       YES         512253.03          10        15
    460         48.07         512253.03       YES         512253.03          10        25
    470         49.46         512253.03       YES         512648.15          10         5
    480         51.09         512253.03       YES         512253.03          11        15
    490         51.33         512253.03       YES         512253.03          10        25
    500         53.06         512253.03       YES         512648.15          10         5
    510         54.44         512253.03       YES         512253.03          10        15
    520         54.64         512253.03       YES         512253.03          10        25
    530         55.95         512253.03       YES         512253.03          10         5
    540         57.31         512253.03       YES         512253.03          12        15
    550         57.50         512253.03       YES         512253.03          10        25
    560         59.16         512253.03       YES         514237.40          10         5
    570         60.84         512253.03       YES         512253.03          10        15
