   iter       time(s)          bestCost  feasible      bestThisIter    feasAnts noImprove
---------------------------------------------------------------------------------------------
     10          3.05         401593.66       YES         422126.23          10         8
     20         11.95         355223.50       YES         355297.27          14         1
     30         19.53         354380.03       YES         392673.24           9         9
     40         22.85         354380.03       YES         431403.44          10        19
     50         32.99         354380.03       YES         457101.12          10        29
     60         43.16         354380.03       YES         452803.47          10         9
     70         46.58         354380.03       YES         439436.93          10        19
     80         56.76         354380.03       YES         401424.31          10        29
