   iter       time(s)          bestCost  feasible      bestThisIter    feasAnts noImprove
---------------------------------------------------------------------------------------------
     10          0.68        1004398.56       YES        1004398.56          10         2
     20          5.10        1002488.66       YES        1002488.66          10         5
     30          8.82         992298.48       YES         992615.25          10         0
     40          9.52         992298.48       YES         992615.25          10        10
     50         13.84         992298.48       YES        1027557.36          10        20
     60         17.95         992298.48       YES         992298.48          10        30
     70         19.19         992298.48       YES        1004550.95          10        10
     80         23.30         992298.48       YES        1014258.12          10        20
     90         27.77         992298.48       YES         992615.25           9        30
    100         28.90         992298.48       YES        1027032.79          10        10
    110         32.76         992298.48       YES         996656.77          10        20
    120         36.73         992298.48       YES         998564.92          10        30
    130         37.98         992298.48       YES        1047440.27          10        10
    140         42.40         992298.48       YES        1001372.50          10        20
    150         46.71         992298.48       YES        1006810.98          10        30
    160         47.92         992298.48       YES        1023447.12          10        10
    170         51.84         983257.98       YES         983257.98          23         1
    180         56.08         983257.98       YES         983257.98          10        11
    190         56.94         983257.98       YES         996438.44          10        21
