1 2 3 4 14 15 16 17 27 28 
56 58 60 69 70 71 72 73 85 
29 30 40 41 42 43 53 54 55 57 
66 67 68 79 80 81 82 83 92 93 94 
159 170 171 172 173 174 183 184 185 186 187 
153 167 169 179 180 181 182 193 194 195 
149 150 151 161 162 163 164 165 166 
62 63 64 65 74 75 76 77 78 88 
86 87 89 90 91 100 102 104 117 
139 140 141 142 143 152 154 155 156 168 
9 11 12 13 22 23 24 25 26 38 
101 103 113 114 115 116 126 127 128 129 130 
84 95 96 97 98 99 109 110 111 112 
121 123 124 125 135 136 137 138 147 
5 6 7 8 10 18 19 20 21 
175 176 177 178 188 189 190 191 192 
132 133 134 144 145 146 148 157 158 160 
105 106 107 108 118 119 120 122 131 
31 32 33 34 44 45 46 47 49 59 
35 36 37 39 48 50 51 52 61 
