   iter       time(s)          bestCost  feasible      bestThisIter    feasAnts noImprove
---------------------------------------------------------------------------------------------
     10          0.46         742399.02       YES         742399.02          22         0
     20          2.89         719544.25       YES         719544.25          10         0
     30          5.69         715253.04       YES         715489.32          15         2
     40          6.05         715253.04       YES         715253.04          13        12
     50          8.62         715253.04       YES         715253.04          10        22
     60         11.05         715253.04       YES         723659.72          10         2
     70         11.55         715253.04       YES         715489.32          10        12
     80         14.38         715253.04       YES         716740.65          10        22
     90         16.91         715253.04       YES         720308.93          10         2
    100         17.33         715253.04       YES         721300.78          10        12
    110         19.68         715253.04       YES         715253.04          10        22
    120         22.58         715253.04       YES         715253.04          10         2
    130         23.15         715253.04       YES         715253.04          10        12
    140         25.52         715253.04       YES         715253.04          10        22
    150         28.00         715253.04       YES         722714.36          10         2
    160         28.47         715253.04       YES         716740.65          10        12
    170         31.30         715253.04       YES         715253.04          10        22
    180         33.68         715253.04       YES         722193.88          10         2
    190         34.11         715253.04       YES         715253.04          10        12
    200         36.63         715253.04       YES         715253.04           9        22
    210         39.48         715253.04       YES         717315.32          10         2
    220         39.88         715253.04       YES         722392.31           9        12
    230         42.18         715253.04       YES         715253.04          10        22
    240         44.75         715253.04       YES         726433.51          10         2
    250         45.30         712806.42       YES         712806.42          10         9
    260         48.16         712806.42       YES         712806.42          10        19
    270         50.59         712806.42       YES         712806.42          11        29
    280         51.05         712806.42       YES         719544.25          10         9
    290         53.97         712806.42       YES         712806.42          10        19
    300         56.73         712806.42       YES         712806.42          10        29
    310         57.20         712806.42       YES         715489.32           9         9
    320         59.78         712806.42       YES         712806.42           9        19
