14 21 23 26 28 29 30 34 37 49 
42 62 76 89 92 94 96 101 103 
125 126 127 129 130 131 132 134 141 150 169 
3 4 6 7 8 9 11 12 69 100 
43 66 71 72 83 84 85 86 87 99 
35 48 50 51 63 65 77 80 81 91 
31 32 36 45 46 47 52 53 56 61 70 
44 55 59 67 74 75 82 90 95 97 98 
176 180 182 185 186 187 188 189 190 192 194 
1 2 5 13 15 16 17 40 41 
64 78 79 106 107 108 110 114 118 167 
93 105 111 112 113 115 116 117 120 123 
109 119 128 168 171 173 174 178 181 
10 38 54 57 58 60 68 73 88 
133 137 145 151 163 164 165 166 172 
143 144 146 147 148 152 153 161 162 170 
18 19 20 22 24 25 27 33 39 
175 177 179 183 184 191 193 195 196 197 198 
102 104 121 122 138 139 155 156 157 
124 135 136 140 142 149 154 158 159 160 
