   iter       time(s)          bestCost  feasible      bestThisIter    feasAnts noImprove
---------------------------------------------------------------------------------------------
     10          2.04        1970079.66       YES        1970079.66          10         0
     20         11.18        1920039.57       YES        1920039.57          22         1
     30         20.19        1920039.57       YES        1960918.46          10        11
     40         21.70        1920039.57       YES        1977587.64          10        21
     50         31.65        1920039.57       YES        2056374.95          10         1
     60         42.39        1920039.57       YES        2065698.06          10        11
     70         43.89        1920039.57       YES        1980638.18          10        21
     80         53.43        1920039.57       YES        2192351.85          10         1
     90         63.99        1920039.57       YES        2079626.26          10        11
