   iter       time(s)          bestCost  feasible      bestThisIter    feasAnts noImprove
---------------------------------------------------------------------------------------------
     10          0.26         489862.62       YES         489862.62          10         8
     20          2.19         489862.62       YES         489862.62          10        18
     30          3.75         489862.62       YES         489862.62          11        28
     40          3.97         489862.62       YES         489862.62          10         8
     50          5.58         489862.62       YES         489862.62          10        18
     60          7.51         489862.62       YES         489862.62          10        28
     70          7.81         489862.62       YES         497545.01          10         8
     80          9.85         489862.62       YES         489862.62          10        18
     90         11.45         489862.62       YES         489862.62          10        28
    100         11.73         489862.62       YES         497539.87          10         8
    110         13.37         489862.62       YES         489862.62          11        18
    120         15.19         489862.62       YES         489862.62          11        28
    130         15.48         489862.62       YES         495962.49          10         8
    140         17.54         489862.62       YES         489862.62          10        18
    150         19.20         489862.62       YES         489862.62          10        28
    160         19.41         489862.62       YES         497398.45          10         8
    170         20.99         489862.62       YES         489862.62          10        18
    180         22.78         489862.62       YES         489862.62          10        28
    190         23.05         489862.62       YES         492187.49          10         8
    200         25.08         489862.62       YES         489862.62          10        18
    210         26.83         489862.62       YES         489862.62          10        28
    220         27.06         489862.62       YES         496273.08          10         8
    230         28.65         489862.62       YES         489862.62          10        18
    240         30.22         489862.62       YES         489862.62          10        28
    250         30.46         489862.62       YES         494465.06          10         8
    260         32.62         489862.62       YES         489862.62          10        18
    270         34.48         489862.62       YES         489862.62          10        28
    280         34.75         489862.62       YES         499437.23          10         8
    290         36.89         489862.62       YES         489862.62          10        18
    300         38.95         489862.62       YES         489862.62          12        28
    310         39.27         489862.62       YES         492187.49          10         8
    320         41.31         489862.62       YES         489862.62          10        18
    330         43.03         489862.62       YES         489862.62          11        28
    340         43.26         489862.62       YES         495962.49          10         8
    350         44.88         489862.62       YES         489862.62          10        18
    360         46.55         489862.62       YES         489862.62          10        28
    370         46.83         489862.62       YES         489862.62          10         8
    380         48.85         489862.62       YES         489862.62          10        18
    390         50.64         489862.62       YES         489862.62          10        28
    400         50.90         489862.62       YES         489862.62          10         8
    410         52.48         489862.62       YES         489862.62          10        18
    420         54.06         489862.62       YES         489862.62          10        28
    430         54.37         489862.62       YES         496585.42          10         8
    440         56.40         489862.62       YES         489862.62          10        18
    450         58.29         489862.62       YES         489862.62          10        28
    460         58.53         489862.62       YES         489862.62          10         8
