16 17 18 19 20 21 23 24 25 26 27 28 29 30 31 
52 53 54 55 56 57 58 59 60 61 62 63 64 68 70 
39 42 43 45 46 47 48 49 50 51 75 76 119 120 122 
89 90 91 92 93 108 109 110 111 112 113 115 116 117 118 121 
82 86 87 88 94 95 96 97 98 99 100 101 102 103 104 105 106 107 
3 4 5 6 7 9 148 150 151 152 153 154 155 156 157 158 
8 10 11 12 13 14 15 22 141 143 144 145 146 147 149 
1 2 114 123 124 125 126 127 128 129 130 131 132 133 159 
32 33 34 35 36 37 38 40 41 44 134 135 136 137 138 139 140 142 
65 66 67 69 71 72 73 74 77 78 79 80 81 83 84 85 
