   iter       time(s)          bestCost  feasible      bestThisIter    feasAnts noImprove
---------------------------------------------------------------------------------------------
     10          0.30         719385.60       YES         719385.60          10         0
     20          2.17         715949.30       YES         715949.30          10         2
     30          4.19         712246.25       YES         712246.25          26         3
     40          4.42         711997.31       YES         711997.31          22         4
     50          6.37         711251.82       YES         711251.82          12         5
     60          8.14         711251.82       YES         711251.82          10        15
     70          8.43         711251.82       YES         711251.82          10        25
     80         10.33         711251.82       YES         712260.96          10         5
     90         12.42         711251.82       YES         711251.82          10        15
    100         12.78         711251.82       YES         711251.82          10        25
    110         14.66         711251.82       YES         722171.98          10         5
    120         16.45         711251.82       YES         711251.82           9        15
    130         16.74         711251.82       YES         711251.82          10        25
    140         18.65         711251.82       YES         711251.82          10         5
    150         20.79         711251.82       YES         711251.82          10        15
    160         21.14         711251.82       YES         711251.82          10        25
    170         22.94         711251.82       YES         712508.34          10         5
    180         24.71         711251.82       YES         711251.82          10        15
    190         25.01         711251.82       YES         711251.82          10        25
    200         26.80         711251.82       YES         711251.82          10         5
    210         28.53         711251.82       YES         711251.82          10        15
    220         28.84         711251.82       YES         711251.82          10        25
    230         30.80         711251.82       YES         723841.67          10         5
    240         32.98         711251.82       YES         711251.82          11        15
    250         33.36         711251.82       YES         711251.82          12        25
    260         35.17         711251.82       YES         711251.82          10         5
    270         36.93         711251.82       YES         711251.82          11        15
    280         37.22         711251.82       YES         711251.82          11        25
    290         39.30         711251.82       YES         723626.34          10         5
    300         41.44         711251.82       YES         711251.82          11        15
    310         41.81         711251.82       YES         711251.82          10        25
    320         43.55         711251.82       YES         711251.82          10         5
    330         45.30         711251.82       YES         711251.82          10        15
    340         45.63         711251.82       YES         711251.82          11        25
    350         47.82         711251.82       YES         712260.96          10         5
    360         49.86         711251.82       YES         711251.82          10        15
    370         50.20         711251.82       YES         711251.82          10        25
    380         51.93         711251.82       YES         716158.33          10         5
    390         53.68         711251.82       YES         711251.82          10        15
    400         53.99         711251.82       YES         711251.82          12        25
    410         55.78         711251.82       YES         711251.82          10         5
    420         57.53         711251.82       YES         711251.82          10        15
    430         57.83         711251.82       YES         711251.82          10        25
    440         60.04         711251.82       YES         711251.82          10         5
