   iter       time(s)          bestCost  feasible      bestThisIter    feasAnts noImprove
---------------------------------------------------------------------------------------------
     10          1.40           3539.76       YES           3569.64          10         4
     20          4.82           3403.01       YES           3403.01          19         1
     30          8.49           3393.19       YES           3437.82          10         0
     40          9.23           3393.19       YES           3515.52          10        10
     50         12.60           3359.81       YES           3359.81          11         5
     60         16.39           3359.81       YES           3484.26          10        15
     70         17.61           3359.81       YES           3610.52          10        25
     80         21.38           3359.81       YES           3545.42          10         5
     90         25.79           3359.81       YES           3513.13           9        15
    100         26.96           3359.81       YES           3530.48          10        25
    110         30.71           3359.81       YES           3644.53          10         5
    120         35.00           3359.81       YES           3477.89          10        15
    130         36.22           3359.81       YES           3541.47          10        25
    140         40.26           3359.81       YES           3586.69          10         5
    150         44.28           3359.81       YES           3528.92          10        15
    160         45.26           3359.81       YES           3722.70          10        25
    170         49.22           3345.57       YES           3345.57          21         2
    180         52.56           3345.57       YES           3345.57          10        12
    190         53.62           3345.57       YES           3444.51          10        22
    200         57.93           3345.57       YES           3494.26          10         2
    210         61.66           3345.57       YES           3541.50          10        12
