12 20 32 38 43 46 51 54 67 92 109 116 131 134 138 
18 26 33 55 56 65 75 83 85 90 93 126 141 142 146 
3 10 22 30 48 62 63 73 76 84 89 94 113 125 149 
13 23 27 31 41 49 72 74 112 123 129 136 144 145 147 
14 15 16 35 52 59 77 78 79 80 88 105 111 121 122 133 
2 6 9 19 24 28 37 40 42 47 53 118 120 139 
4 21 44 45 64 68 71 91 104 106 115 119 128 150 
25 29 50 58 70 81 86 99 102 108 110 114 132 135 137 
1 5 7 8 34 82 87 95 96 97 98 100 103 107 124 143 
11 17 36 39 57 60 61 66 69 101 117 127 130 140 148 
