   iter       time(s)          bestCost  feasible      bestThisIter    feasAnts noImprove
---------------------------------------------------------------------------------------------
     10          1.42         166558.91       YES         168578.90          10         1
     20          5.38         159461.20       YES         159461.20          10         0
     30          9.81         157835.89       YES         157835.89          10         7
     40         10.90         157835.89       YES         166888.24          10        17
     50         15.54         157835.89       YES         183212.01          10        27
     60         20.95         157835.89       YES         184038.11          10         7
     70         22.48         157835.89       YES         178867.27          10        17
     80         27.46         157835.89       YES         166147.52          10        27
     90         32.26         157835.89       YES         178494.49           9         7
    100         33.89         157835.89       YES         184672.46          10        17
    110         38.91         157835.89       YES         182589.65          10        27
    120         44.50         157835.89       YES         184819.79          10         7
    130         46.21         157835.89       YES         178125.24          10        17
    140         51.21         157835.89       YES         183460.24          10        27
    150         56.28         157835.89       YES         185308.36          10         7
    160         58.04         157835.89       YES         186474.69           9        17
