   iter       time(s)          bestCost  feasible      bestThisIter    feasAnts noImprove
---------------------------------------------------------------------------------------------
     10          0.78          71615.42       YES          75205.00          10         8
     20          3.34          69761.43       YES          69761.43          12         3
     30          5.40          69217.88       YES          69761.43          10         0
     40          5.82          69186.60       YES          69186.60          10         7
     50          7.82          69186.60       YES          71918.23          10        17
     60         10.28          69186.60       YES          73164.06          10        27
     70         11.09          69186.60       YES          73940.48          10         7
     80         13.31          69186.60       YES          71771.06          10        17
     90         15.40          69186.60       YES          69645.86          10        27
    100         16.16          69186.60       YES          72953.57          10         7
    110         18.64          69186.60       YES          70866.60          10        17
    120         20.90          69186.60       YES          74906.71          10        27
    130         21.57          69186.60       YES          74896.52          10         7
    140         23.72          69186.60       YES          70266.70          10        17
    150         26.27          69186.60       YES          72489.29          10        27
    160         27.01          69186.60       YES          74499.28          10         7
    170         29.21          69186.60       YES          72056.73          10        17
    180         31.28          69186.60       YES          72091.76          10        27
    190         32.00          69186.60       YES          74290.72          10         7
    200         34.54          69186.60       YES          71480.01          10        17
    210         36.75          69186.60       YES          70123.16          10        27
    220         37.39          69186.60       YES          73289.16          10         7
    230         39.57          69186.60       YES          70487.68          10        17
    240         42.00          69186.60       YES          72623.60          10        27
    250         42.82          69186.60       YES          72250.39          10         7
    260         45.06          69077.04       YES          69077.04          14         2
    270         46.98          69077.04       YES          70046.66          10        12
    280         47.60          69077.04       YES          73268.78          10        22
    290         50.26          69077.04       YES          72018.38          10         2
    300         52.66          69077.04       YES          72509.83          10        12
    310         53.21          69077.04       YES          71055.68          10        22
    320         55.43          69077.04       YES          73346.48          10         2
    330         57.65          69077.04       YES          71966.79          10        12
    340         58.27          69077.04       YES          70873.79          10        22
