   iter       time(s)          bestCost  feasible      bestThisIter    feasAnts noImprove
---------------------------------------------------------------------------------------------
     10          0.32        6374397.36       YES        6374397.36          10         7
     20          4.36        6374397.36       YES        6374397.36          10        17
     30          8.39        6374397.36       YES        6374397.36          10        27
     40          8.74        6374397.36       YES        6374397.36          10         7
     50         12.65        6374397.36       YES        6374397.36          10        17
     60         16.70        6374397.36       YES        6374397.36          10        27
     70         17.14        6363024.83       YES        6363024.83          10         0
     80         21.29        6341719.45       YES        6345216.44          25         1
     90         26.14        6341719.45       YES        6341719.45          21         3
    100         26.94        6341719.45       YES        6341719.45          10        13
    110         31.30        6341719.45       YES        6341719.45          10        23
    120         35.91        6341719.45       YES        6345216.44          10         3
    130         36.60        6341719.45       YES        6341719.45          10        13
    140         41.12        6341719.45       YES        6345216.44          10        23
    150         45.32        6341719.45       YES        6363024.83          10         3
    160         46.01        6341719.45       YES        6341719.45          10        13
    170         50.94        6341719.45       YES        6341719.45          10        23
    180         55.26        6341719.45       YES        6363024.83          10         3
    190         56.16        6341719.45       YES        6341719.45          10        13
