   iter       time(s)          bestCost  feasible      bestThisIter    feasAnts noImprove
---------------------------------------------------------------------------------------------
     10          2.03           6830.93       YES           7288.61          10         5
     20         10.31           6523.76       YES           6523.76           9         0
     30         18.62           6523.76       YES           6692.25           9        10
     40         20.91           6523.76       YES           7288.74          10        20
     50         29.43           6466.36       YES           6487.30           9         2
     60         37.51           6440.55       YES           6637.93          10         0
     70         39.06           6440.55       YES           6799.82          10        10
     80         47.54           6440.55       YES           6996.85          10        20
     90         56.57           6440.55       YES           6874.21          10        30
    100         59.12           6440.55       YES           7152.60          10        10
