   iter       time(s)          bestCost  feasible      bestThisIter    feasAnts noImprove
---------------------------------------------------------------------------------------------
     10          0.57         530513.73       YES         568322.28          10         1
     20          2.92         520929.49       YES         520929.49          14         5
     30          5.16         519540.31       YES         519540.31          11         7
     40          5.53         519540.31       YES         529422.79          10        17
     50          7.80         519540.31       YES         529422.79          10        27
     60         10.32         519540.31       YES         533642.59          10         7
     70         10.81         519540.31       YES         519540.31          10        17
     80         13.28         518337.47       YES         518337.47          14         5
     90         15.72         518337.47       YES         519540.31          10        15
    100         16.18         518337.47       YES         518337.47          10        25
    110         18.74         518337.47       YES         544873.51          10         5
    120         21.33         518337.47       YES         518337.47          10        15
    130         21.78         518337.47       YES         527658.01          10        25
    140         24.36         518337.47       YES         544168.85          10         5
    150         26.66         518337.47       YES         518337.47          10        15
    160         27.03         518337.47       YES         526139.62          10        25
    170         29.45         518337.47       YES         549002.85          10         5
    180         32.04         518337.47       YES         518337.47          10        15
    190         32.46         518337.47       YES         524873.36          10        25
    200         35.23         518337.47       YES         561654.98          10         5
    210         38.15         518337.47       YES         530343.51          10        15
    220         38.60         518337.47       YES         530901.47          10        25
    230         41.25         518337.47       YES         571575.96          10         5
    240         43.82         518337.47       YES         518337.47          10        15
    250         44.27         518337.47       YES         531824.43          10        25
    260         46.58         518337.47       YES         566476.65          10         5
    270         48.98         518337.47       YES         518337.47          10        15
    280         49.46         518337.47       YES         525362.57          10        25
    290         52.08         518337.47       YES         545913.23          10         5
    300         54.72         518337.47       YES         518337.47          10        15
    310         55.09         518337.47       YES         518337.47          10        25
    320         57.68         518337.47       YES         616945.37          10         5
    330         60.27         518337.47       YES         518337.47          10        15
