   iter       time(s)          bestCost  feasible      bestThisIter    feasAnts noImprove
---------------------------------------------------------------------------------------------
     10          1.54         626215.15       YES         626215.15          10         0
     20         10.80         608952.65       YES         608952.65          10         0
     30         20.17         608952.65       YES         619034.21          10        10
     40         21.66         608682.65       YES         608682.65           9         0
     50         30.90         605934.99       YES         605934.99          11         5
     60         40.37         605722.69       YES         611598.34          10         7
     70         42.33         605722.69       YES         618951.97          10        17
     80         52.13         602835.20       YES         602835.20          10         5
     90         61.88         599339.95       YES         599339.95          10         4
