   iter       time(s)          bestCost  feasible      bestThisIter    feasAnts noImprove
---------------------------------------------------------------------------------------------
     10          0.54          16500.68       YES          16540.05          10         6
     20          3.44          16500.68       YES          16500.68          11        16
     30          5.78          16500.68       YES          16500.68          10        26
     40          6.22          16500.68       YES          16979.11          10         6
     50          8.52          16500.68       YES          16500.68          10        16
     60         10.82          16500.68       YES          16500.68           9        26
     70         11.28          16500.68       YES          16520.11          10         6
     80         14.18          16500.68       YES          16500.68          11        16
     90         16.77          16500.68       YES          16540.05           8        26
    100         17.21          16500.68       YES          16738.46          10         6
    110         19.51          16500.68       YES          16500.68          11        16
    120         22.36          16500.68       YES          16500.68          10        26
    130         22.89          16500.68       YES          16954.40          10         6
    140         25.45          16500.68       YES          16500.68           9        16
    150         27.86          16500.68       YES          16520.11          10        26
    160         28.34          16500.68       YES          16863.37          10         6
    170         31.29          16500.68       YES          16500.68          10        16
    180         33.68          16500.68       YES          16500.68          10        26
    190         34.12          16500.68       YES          16617.09          10         6
    200         36.78          16500.68       YES          16500.68          10        16
    210         39.67          16500.68       YES          16500.68          10        26
    220         40.08          16500.68       YES          16988.18          10         6
    230         42.45          16500.68       YES          16500.68          10        16
    240         45.05          16500.68       YES          16500.68          10        26
    250         45.58          16500.68       YES          16549.10          10         6
    260         48.36          16500.68       YES          16500.68          11        16
    270         50.70          16500.68       YES          16500.68          12        26
    280         51.14          16500.68       YES          16985.24          10         6
    290         53.91          16500.68       YES          16540.36          10        16
    300         56.51          16500.68       YES          16500.68           9        26
    310         56.93          16500.68       YES          16678.51          10         6
    320         59.38          16500.68       YES          16500.68          10        16
    330         62.13          16500.68       YES          16520.11          10        26
