66 67 69 79 80 81 83 84 92 93 94 95 
46 59 60 61 70 71 72 73 74 82 85 86 
146 157 158 171 172 173 174 175 183 184 185 186 187 
167 176 178 179 180 181 188 189 190 191 192 193 194 195 
37 49 50 51 52 62 63 64 65 75 77 78 
105 106 118 119 120 121 131 132 133 134 135 144 145 
76 87 88 89 90 91 100 101 102 103 104 115 116 117 
113 114 124 125 126 127 128 129 130 138 140 141 142 152 
139 143 153 154 155 156 164 165 166 168 169 182 
1 2 3 4 5 14 15 16 17 18 29 30 
27 40 41 42 43 44 53 54 55 56 57 58 68 
8 9 11 12 13 22 23 24 25 26 34 35 36 38 39 
6 7 10 19 20 21 28 31 32 33 45 47 48 
96 97 98 99 107 108 109 110 111 112 122 123 
136 137 147 148 149 150 151 159 160 161 162 163 170 177 
