   iter       time(s)          bestCost  feasible      bestThisIter    feasAnts noImprove
---------------------------------------------------------------------------------------------
     10          0.49        2729418.15       YES        2729418.15          11         2
     20          4.30        2729418.15       YES        2729418.15          12        12
     30          8.01        2729418.15       YES        2729418.15          10        22
     40          8.54        2729418.15       YES        2729418.15          10         2
     50         12.28        2729418.15       YES        2729418.15          10        12
     60         16.03        2729418.15       YES        2729418.15          10        22
     70         16.50        2729418.15       YES        2730807.80          10         2
     80         20.25        2729418.15       YES        2729418.15          10        12
     90         23.99        2729418.15       YES        2729418.15          10        22
    100         24.47        2729418.15       YES        2729418.15          10         2
    110         28.27        2729418.15       YES        2729418.15          10         0
    120         32.00        2729418.15       YES        2729418.15          13        10
    130         32.54        2729418.15       YES        2729418.15          10        20
    140         36.27        2729418.15       YES        2729418.15          10        30
    150         39.98        2729418.15       YES        2736771.12          10        10
    160         40.49        2729418.15       YES        2729418.15          10        20
    170         44.19        2729418.15       YES        2729418.15          10        30
    180         47.93        2729418.15       YES        2729418.15          10        10
    190         48.42        2729418.15       YES        2729418.15          10        20
    200         52.14        2729418.15       YES        2729418.15          10        30
    210         55.88        2729418.15       YES        2729418.15          10        10
    220         56.40        2729418.15       YES        2729418.15          10        20
