   iter       time(s)          bestCost  feasible      bestThisIter    feasAnts noImprove
---------------------------------------------------------------------------------------------
     10          1.22         300556.89       YES         300556.89          10         0
     20          5.00         283917.79       YES         283917.79          10         5
     30          8.59         282767.24       YES         284416.70          10         0
     40          9.22         282703.46       YES         282703.46          10         0
     50         13.19         282241.77       YES         282241.77          10         7
     60         17.09         277190.99       YES         300716.70          10         0
     70         17.66         277190.99       YES         277190.99          10        10
     80         21.59         277190.99       YES         293097.71          10        20
     90         25.68         274501.18       YES         312222.42          10         0
    100         26.20         274501.18       YES         274821.60          10        10
    110         30.20         274501.18       YES         288264.63          10        20
    120         34.12         274501.18       YES         299097.19          10        30
    130         35.37         274501.18       YES         302851.56          10        10
    140         39.68         274501.18       YES         303014.01          10        20
    150         44.01         274501.18       YES         292366.12          10        30
    160         45.28         274501.18       YES         306277.50          10        10
    170         49.35         274501.18       YES         300685.58          10        20
    180         53.72         274501.18       YES         299244.21          10        30
    190         55.14         274501.18       YES         308121.25          10        10
    200         59.04         274501.18       YES         291671.76          10        20
