   iter       time(s)          bestCost  feasible      bestThisIter    feasAnts noImprove
---------------------------------------------------------------------------------------------
     10          0.63         128544.16       YES         128544.16          10         1
     20          3.01         127109.47       YES         127109.47          10         5
     30          5.65         125110.80       YES         128599.08          10         0
     40          6.38         125110.80       YES         125110.80          10        10
     50          9.64         124689.31       YES         124689.31          25         1
     60         12.83         124689.31       YES         124689.31          10        11
     70         13.66         124689.31       YES         125110.80          10        21
     80         16.39         124689.31       YES         129924.63          10         1
     90         19.49         124689.31       YES         132491.38          10        11
    100         20.47         124689.31       YES         129438.11          10        21
    110         23.44         124689.31       YES         131350.16          10         1
    120         26.22         124689.31       YES         130287.03          10        11
    130         27.19         124689.31       YES         130628.79          10        21
    140         30.40         124689.31       YES         140331.79          10         1
    150         33.22         124689.31       YES         130890.16          10        11
    160         34.00         124689.31       YES         128027.76          10        21
    170         37.37         124689.31       YES         139925.90          10         1
    180         40.30         124689.31       YES         127698.60          10        11
    190         41.06         124689.31       YES         129218.24          10        21
    200         44.24         124689.31       YES         135691.40          10         1
    210         47.36         124689.31       YES         130481.48          10        11
    220         48.19         124689.31       YES         130083.09          10        21
    230         51.08         124689.31       YES         139133.31          10         1
    240         54.40         124102.25       YES         132629.13          10         0
    250         54.87         124102.25       YES         124102.25          10        10
    260         57.39         124102.25       YES         128192.82          10        20
    270         60.12         124102.25       YES         130560.52          10        30
