   iter       time(s)          bestCost  feasible      bestThisIter    feasAnts noImprove
---------------------------------------------------------------------------------------------
     10          0.64        4771815.80       YES        4798987.75           9         1
     20          5.41        4732047.66       YES        4732047.66          31         1
     30          9.91        4728241.51       YES        4729316.23          31         1
     40         11.31        4728241.51       YES        4728241.51          12         8
     50         16.77        4728241.51       YES        4735815.22          10        18
     60         21.98        4724777.54       YES        4728241.51           9         0
     70         22.53        4703852.40       YES        4703852.40          14         7
     80         27.13        4703852.40       YES        4703852.40          10        17
     90         31.76        4703852.40       YES        4703852.40          10        27
    100         32.44        4703852.40       YES        4730260.13          10         7
    110         37.20        4703852.40       YES        4778571.68          10        17
    120         41.84        4703852.40       YES        4703852.40          10        27
    130         42.58        4703852.40       YES        4762849.66          10         7
    140         47.42        4703852.40       YES        4736288.21          10        17
    150         52.11        4703852.40       YES        4744738.56          10        27
    160         52.84        4703852.40       YES        4861369.50          10         7
    170         57.55        4703852.40       YES        4703852.40          10        17
    180         62.18        4703852.40       YES        4703852.40           9        27
