   iter       time(s)          bestCost  feasible      bestThisIter    feasAnts noImprove
---------------------------------------------------------------------------------------------
     10          0.97         506333.45       YES         506333.45          10         0
     20          4.37         490569.04       YES         490569.04          10         0
     30          7.77         488725.92       YES         489167.73          10         0
     40          8.57         488137.73       YES         488137.73          10         7
     50         12.00         488137.73       YES         530693.21          10        17
     60         15.64         488137.73       YES         520234.94          10        27
     70         16.64         488137.73       YES         536210.03          10         7
     80         20.26         488137.73       YES         496584.16          10        17
     90         23.79         488137.73       YES         516899.29          10        27
    100         24.84         488137.73       YES         563391.13          10         7
    110         28.44         488137.73       YES         545399.14          10        17
    120         32.08         488137.73       YES         522063.50          10        27
    130         33.19         488137.73       YES         528629.20          10         7
    140         36.75         488137.73       YES         492932.05          10        17
    150         40.49         488137.73       YES         496194.25          10        27
    160         41.66         488137.73       YES         528150.61          10         7
    170         45.05         488058.37       YES         488058.37          10         5
    180         48.18         488058.37       YES         489467.04          10        15
    190         48.91         488058.37       YES         509485.29          10        25
    200         52.79         488058.37       YES         523632.71          10         5
    210         56.49         488058.37       YES         526822.31          10        15
    220         57.35         488058.37       YES         509361.08          10        25
