   iter       time(s)          bestCost  feasible      bestThisIter    feasAnts noImprove
---------------------------------------------------------------------------------------------
     10          1.46           6574.05       YES           6618.82          10         7
     20          8.07           6452.57       YES           6452.57          10         5
     30         14.03           6437.78       YES           6704.82          10         0
     40         15.71           6437.78       YES           6481.24          10        10
     50         22.26           6437.78       YES           6669.42          10        20
     60         29.37           6437.78       YES           6902.77          10        30
     70         31.24           6437.78       YES           6742.45          10        10
     80         38.08           6437.78       YES           6804.66          10        20
     90         45.13           6437.78       YES           6810.82          10        30
    100         47.20           6437.78       YES           6592.72          10        10
    110         53.80           6428.49       YES           6428.49          10         3
    120         60.25           6428.49       YES           6604.24          10        13
