24 38 39 41 116 118 127 
50 55 65 70 102 108 135 137 
21 48 63 73 87 88 94 113 
20 25 46 51 81 86 110 138 
3 4 22 62 125 149 150 
33 54 56 92 93 126 134 146 
17 60 101 117 129 130 140 
14 15 77 78 80 112 122 145 
13 68 91 104 106 119 128 
16 52 59 79 105 111 121 133 
2 6 9 28 40 47 53 120 139 
11 36 57 61 66 69 148 
27 31 49 72 74 144 147 
18 75 83 85 90 132 141 142 
44 45 64 71 115 123 136 
1 10 35 84 89 96 124 
19 29 37 42 58 99 114 
12 23 32 43 67 109 131 
5 26 95 97 100 107 143 
7 8 30 34 76 82 98 103 
