   iter       time(s)          bestCost  feasible      bestThisIter    feasAnts noImprove
---------------------------------------------------------------------------------------------
     10          0.98          41235.48       YES          41651.22          10         3
     20          7.04          41226.89       YES          41226.89          10         5
     30         13.21          41226.89       YES          42590.04          10        15
     40         14.82          41226.89       YES          43470.33          10        25
     50         20.83          40915.97       YES          40915.97          10         5
     60         26.64          40737.94       YES          40915.97          10         0
     70         27.35          40674.62       YES          40674.62          10         0
     80         33.47          40674.62       YES          40674.62          10        10
     90         40.13          40674.62       YES          41836.88          10        20
    100         41.38          40674.62       YES          41657.55          10        30
    110         48.38          40674.62       YES          42272.77          10        10
    120         55.20          40674.62       YES          42041.81          10        20
    130         56.46          40674.62       YES          42600.15          10        30
