   iter       time(s)          bestCost  feasible      bestThisIter    feasAnts noImprove
---------------------------------------------------------------------------------------------
     10          1.46         552435.52       YES         552758.09          10         1
     20          6.26         538162.76       YES         538162.76          10         5
     30         11.40         532692.76       YES         532692.76          17         2
     40         12.36         528644.73       YES         528644.73          17         2
     50         17.36         528644.73       YES         550303.79          10        12
     60         23.20         528644.73       YES         541303.84          10        22
     70         24.63         528644.73       YES         559047.00          10         2
     80         30.31         528644.73       YES         568476.88          10        12
     90         35.31         528644.73       YES         569791.52          10        22
    100         37.05         528644.73       YES         547710.68          10         2
    110         42.54         528644.73       YES         546651.31          10        12
    120         48.24         528644.73       YES         542581.80          10        22
    130         49.71         528644.73       YES         560575.03          10         2
    140         55.51         528644.73       YES         563665.63          10        12
    150         61.16         528644.73       YES         532670.34          10        22
