11 23 32 45 60 62 91 98 109 
12 20 27 35 57 77 86 110 117 150 
13 33 68 76 82 95 103 116 126 146 
10 15 17 21 59 72 74 106 113 141 
7 9 25 51 61 69 81 87 125 140 145 
5 30 37 39 52 78 96 101 107 112 147 
1 6 47 49 63 75 90 92 119 130 
18 24 36 38 99 102 104 111 127 
16 22 53 66 70 79 88 94 134 137 
34 43 55 83 115 120 123 128 135 149 
2 40 44 50 54 64 73 85 114 144 
28 58 67 93 105 108 131 138 142 148 
8 31 42 56 80 89 122 133 139 143 
4 19 26 65 84 97 118 124 129 
3 14 29 41 46 48 71 100 121 132 136 
