   iter       time(s)          bestCost  feasible      bestThisIter    feasAnts noImprove
---------------------------------------------------------------------------------------------
     10          1.47          86299.47       YES          86299.47          10         0
     20          5.29          84856.17       YES          85127.85          13         1
     30          9.64          83509.00       YES          84188.37          10         8
     40         10.54          83195.31       YES          91209.32          10         8
     50         14.61          82684.17       YES          82684.17          10         5
     60         18.97          82684.17       YES          89043.14          10        15
     70         20.54          82684.17       YES          97198.52          10        25
     80         25.83          82684.17       YES         100012.96          10         5
     90         30.82          82684.17       YES          89285.85          10        15
    100         32.89          82684.17       YES          96703.80          10        25
    110         37.72          82684.17       YES          97885.95          10         5
    120         42.96          82684.17       YES          93831.57          10        15
    130         44.51          82684.17       YES          94938.47          10        25
    140         49.82          82684.17       YES          94545.00          10         5
    150         54.72          82684.17       YES          97521.53          10        15
    160         56.62          82684.17       YES          87209.82          10        25
