   iter       time(s)          bestCost  feasible      bestThisIter    feasAnts noImprove
---------------------------------------------------------------------------------------------
     10          1.72         607894.74       YES         611740.79          10         3
     20          7.95         597121.18       YES         597121.18          10         5
     30         14.78         595791.73       YES         613802.49          10         0
     40         15.92         595791.73       YES         630332.72           9        10
     50         23.03         595791.73       YES         626296.21          10        20
     60         30.23         595791.73       YES         655488.73          10        30
     70         32.61         595791.73       YES         732086.50          10        10
     80         39.74         595791.73       YES         685342.71          10        20
     90         46.89         594813.89       YES         685843.18          10         0
    100         47.63         594632.91       YES         594632.91          11         5
    110         54.39         594632.91       YES         632518.99          10        15
    120         61.41         592928.52       YES         663942.98          10         0
