   iter       time(s)          bestCost  feasible      bestThisIter    feasAnts noImprove
---------------------------------------------------------------------------------------------
     10          0.28           5720.61       YES           5720.61          10         3
     20          1.67           5720.61       YES           5720.61          10        13
     30          3.10           5718.85       YES           5718.85          10         3
     40          3.29           5718.85       YES           5718.85          10        13
     50          5.01           5718.85       YES           5718.85          10        23
     60          6.80           5718.85       YES           5744.69          10         3
     70          7.13           5718.85       YES           5718.85          10        13
     80          8.49           5718.85       YES           5718.85          10        23
     90          9.92           5718.85       YES           5718.85          10         3
    100         10.20           5718.85       YES           5773.17          10        13
    110         11.74           5718.85       YES           5718.85          10        23
    120         13.54           5718.85       YES           5757.37          10         3
    130         13.89           5718.85       YES           5718.85          10        13
    140         15.62           5718.85       YES           5718.85          10        23
    150         17.03           5718.85       YES           5726.47          10         3
    160         17.28           5718.85       YES           5718.85          10        13
    170         18.64           5718.85       YES           5718.85          10        23
    180         20.19           5718.85       YES           5718.85          10         3
    190         20.54           5718.85       YES           5729.31          10        13
    200         22.28           5718.85       YES           5754.68          10        23
    210         23.88           5718.85       YES           5758.98          10         3
    220         24.16           5718.85       YES           5718.85          10        13
    230         25.54           5718.85       YES           5718.85          10        23
    240         26.94           5718.85       YES           5726.47          10         3
    250         27.20           5718.85       YES           5718.85          10        13
    260         28.91           5718.85       YES           5718.85          10        23
    270         30.66           5718.85       YES           5769.20          10         3
    280         30.99           5718.85       YES           5718.85          10        13
    290         32.38           5718.85       YES           5718.85          10        23
    300         33.78           5718.85       YES           5721.87          10         3
    310         34.06           5718.85       YES           5718.85          10        13
    320         35.46           5718.85       YES           5718.85          10        23
    330         36.92           5718.85       YES           5732.62          10         3
    340         37.18           5718.85       YES           5718.85          10        13
    350         38.57           5718.85       YES           5772.12          10        23
    360         40.22           5718.85       YES           5721.24          10         3
    370         40.53           5718.85       YES           5718.85          10        13
    380         42.25           5718.85       YES           5718.85          10        23
    390         43.84           5718.85       YES           5772.12          10         3
    400         44.07           5718.85       YES           5718.85          10        13
    410         45.41           5718.85       YES           5741.81          10        23
    420         46.86           5718.85       YES           5772.12          10         3
    430         47.14           5718.85       YES           5718.85          10        13
    440         48.49           5718.85       YES           5718.85          10        23
    450         49.88           5718.85       YES           5718.85          10         3
    460         50.16           5718.85       YES           5718.85          10        13
    470         51.57           5718.85       YES           5718.85          10        23
    480         53.34           5718.85       YES           5755.57          10         3
    490         53.70           5718.85       YES           5718.85          10        13
    500         55.40           5718.85       YES           5718.85          10        23
    510         56.79           5718.85       YES           5741.81          10         3
    520         57.07           5718.85       YES           5718.85          10        13
    530         58.50           5718.85       YES           5718.85          10        23
    540         60.12           5718.85       YES           5757.37          10         3
