46 55 69 80 89 100 113 114 
8 22 41 59 60 82 
68 87 88 101 102 103 104 112 
117 118 120 140 141 142 143 
43 56 57 65 66 67 81 83 
1 2 16 34 35 36 37 
119 133 134 135 137 138 139 144 
44 91 121 122 136 145 146 
128 129 130 131 132 147 148 149 
79 90 93 96 98 99 116 
7 9 10 17 18 19 20 40 
72 74 77 78 92 94 115 
58 61 62 63 64 86 106 111 
3 13 15 29 30 31 32 33 
45 52 53 54 70 71 97 
5 6 11 12 21 23 24 39 
47 48 49 50 51 73 75 76 95 
123 124 125 126 127 150 151 152 
42 84 85 105 107 108 109 110 
4 14 25 26 27 28 38 
