   iter       time(s)          bestCost  feasible      bestThisIter    feasAnts noImprove
---------------------------------------------------------------------------------------------
     10          1.12         880329.75       YES         880329.75          10         5
     20          6.53         874468.34       YES         874468.34          10         5
     30         11.50         874468.34       YES         880601.36          10        15
     40         13.07         874468.34       YES         889111.78          10        25
     50         18.61         870026.57       YES         870026.57          12         2
     60         24.64         870026.57       YES         883383.04          10        12
     70         26.08         870026.57       YES         889804.91          10        22
     80         31.53         870026.57       YES         895270.79          10         2
     90         37.36         870026.57       YES         906212.89          10        12
    100         38.51         870026.57       YES         902514.23          10        22
    110         44.15         870026.57       YES         883684.60          10         2
    120         50.06         870026.57       YES         881334.51          10        12
    130         51.33         870026.57       YES         899920.55          10        22
    140         56.92         870026.57       YES         900898.11          10         2
    150         62.66         870026.57       YES         894017.09          10        12
