   iter       time(s)          bestCost  feasible      bestThisIter    feasAnts noImprove
---------------------------------------------------------------------------------------------
     10          1.04          60779.87       YES          61303.42          10         2
     20          4.20          58096.95       YES          58486.74          10         2
     30          7.46          58096.95       YES          59540.24          10        12
     40          8.72          58096.95       YES          62001.12          10        22
     50         12.73          58004.27       YES          58004.27          10         5
     60         16.14          57630.19       YES          60055.77          10         0
     70         16.95          57043.07       YES          57043.07          11         4
     80         20.77          57043.07       YES          61471.37          10        14
     90         24.46          57043.07       YES          60699.11          10        24
    100         25.80          57043.07       YES          63731.49          10         4
    110         30.05          57043.07       YES          60731.04          10        14
    120         34.12          57043.07       YES          58956.44          10        24
    130         35.48          57043.07       YES          59411.19          10         4
    140         39.38          57043.07       YES          63455.26          10        14
    150         43.61          57043.07       YES          59609.88          10        24
    160         44.89          57043.07       YES          62062.09          10         4
    170         48.68          57043.07       YES          62788.06          10        14
    180         52.87          57043.07       YES          64075.68          10        24
    190         54.08          57043.07       YES          60637.96          10         4
    200         58.07          57043.07       YES          61810.11          10        14
    210         61.93          57043.07       YES          61961.95          10        24
