   iter       time(s)          bestCost  feasible      bestThisIter    feasAnts noImprove
---------------------------------------------------------------------------------------------
     10          2.47         618358.71       YES         634756.04          10         5
     20         11.55         601089.74       YES         601089.74          10         0
     30         20.52         601089.74       YES         603146.42          10        10
     40         23.65         601089.74       YES         627872.98          10        20
     50         33.04         601089.74       YES         632635.30          10        30
     60         42.11         601089.74       YES         665997.07          10        10
     70         45.30         601089.74       YES         660175.72          10        20
     80         55.20         601089.74       YES         635243.61          10        30
     90         64.77         601089.74       YES         651766.27          10        10
