   iter       time(s)          bestCost  feasible      bestThisIter    feasAnts noImprove
---------------------------------------------------------------------------------------------
     10          0.24        3108030.55       YES        3108030.55          10         8
     20          2.68        3108030.55       YES        3108030.55          10        18
     30          4.83        3108030.55       YES        3108030.55          10        28
     40          5.20        3108030.55       YES        3111348.56          10         8
     50          7.35        3108030.55       YES        3108030.55          10        18
     60         10.01        3108030.55       YES        3108030.55          10        28
     70         10.28        3108030.55       YES        3108030.55          10         8
     80         13.10        3108030.55       YES        3108030.55          11        18
     90         15.68        3108030.55       YES        3108030.55          10        28
    100         15.95        3108030.55       YES        3108030.55          10         8
    110         18.64        3108030.55       YES        3108030.55          10        18
    120         21.56        3108030.55       YES        3108030.55          10        28
    130         21.95        3108030.55       YES        3108030.55          10         8
    140         24.82        3108030.55       YES        3108030.55          10        18
    150         27.63        3108030.55       YES        3108030.55          10        28
    160         27.94        3108030.55       YES        3108030.55          11         8
    170         30.56        3108030.55       YES        3108030.55          10        18
    180         33.12        3108030.55       YES        3108030.55          10        28
    190         33.37        3108030.55       YES        3108030.55          10         8
    200         35.70        3108030.55       YES        3108030.55          11        18
    210         37.93        3108030.55       YES        3108030.55          10        28
    220         38.15        3108030.55       YES        3108030.55          10         8
    230         40.80        3108030.55       YES        3108030.55          10        18
    240         43.07        3108030.55       YES        3108030.55          10        28
    250         43.28        3108030.55       YES        3108030.55          10         8
    260         45.26        3108030.55       YES        3108030.55          10        18
    270         47.26        3108030.55       YES        3108030.55          10        28
    280         47.49        3108030.55       YES        3108030.55          10         8
    290         49.97        3108030.55       YES        3108030.55          10        18
    300         52.78        3108030.55       YES        3108030.55          10        28
    310         53.07        3108030.55       YES        3111348.56          10         8
    320         55.78        3108030.55       YES        3108030.55          10        18
    330         58.25        3108030.55       YES        3108030.55          10        28
    340         58.53        3108030.55       YES        3108030.55          10         8
