   iter       time(s)          bestCost  feasible      bestThisIter    feasAnts noImprove
---------------------------------------------------------------------------------------------
     10          0.42          56281.83       YES          56281.83          10         8
     20          4.05          55796.52       YES          55796.52          11         2
     30          7.59          55796.52       YES          55796.52          12        12
     40          7.89          55796.52       YES          55796.52          10        22
     50         11.38          55796.52       YES          55847.84          10         2
     60         14.54          55796.52       YES          55796.52          10        12
     70         14.80          55796.52       YES          55796.52          10        22
     80         18.34          55796.52       YES          55847.84          10         2
     90         21.95          55796.52       YES          55796.52          10        12
    100         22.26          55796.52       YES          55796.52          10        22
    110         25.36          55796.52       YES          55796.52          10         2
    120         28.70          55796.52       YES          55796.52          10        12
    130         29.03          55796.52       YES          55796.52          10        22
    140         32.31          55796.52       YES          55847.84          10         2
    150         35.57          55796.52       YES          55796.52          10        12
    160         35.85          55796.52       YES          55796.52          10        22
    170         39.39          55796.52       YES          55796.52          10         2
    180         43.08          55796.52       YES          55796.52          10        12
    190         43.42          55796.52       YES          55796.52          10        22
    200         46.91          55730.57       YES          55730.57          17         5
    210         50.09          55730.57       YES          55730.57          10        15
    220         50.42          55730.57       YES          55730.57          10        25
    230         54.19          55730.57       YES          55951.44          10         5
    240         57.89          55730.57       YES          55730.57           9        15
    250         58.31          55730.57       YES          55730.57          10        25
