115 116 121 122 138 139 154 155 156 157 158 159 
178 179 184 185 186 187 192 193 195 196 197 198 
140 142 143 144 145 146 147 148 149 151 152 153 160 161 162 
173 174 175 176 177 180 181 182 183 188 189 191 194 
1 2 3 4 5 6 7 8 9 12 13 
35 39 47 48 49 50 51 62 63 64 65 76 77 81 
42 44 55 56 59 60 67 68 70 72 73 84 87 
106 107 108 109 110 111 112 113 117 118 119 120 123 167 
133 136 137 141 150 163 164 165 166 171 172 190 
14 15 16 17 18 19 20 21 22 23 24 25 26 27 
124 125 126 127 128 129 130 131 132 134 135 168 169 170 
78 79 80 91 92 93 94 95 101 102 103 104 105 114 
52 66 74 75 82 83 88 89 90 96 97 98 99 
28 29 30 31 32 33 34 36 37 38 45 46 53 54 61 
10 11 40 41 43 57 58 69 71 85 86 100 
