   iter       time(s)          bestCost  feasible      bestThisIter    feasAnts noImprove
---------------------------------------------------------------------------------------------
     10          1.00         452304.03       YES         456070.55           9         1
     20          5.10         446829.89       YES         446829.89          25         0
     30          9.12         446829.89       YES         446829.89          11        10
     40          9.94         446829.89       YES         449030.31          10        20
     50         14.43         446829.89       YES         454296.07          10        30
     60         18.81         446829.89       YES         490121.37          10        10
     70         19.68         446829.89       YES         459790.71          10        20
     80         23.84         446829.89       YES         466281.97          10        30
     90         28.73         446829.89       YES         461305.26          10        10
    100         29.72         446829.89       YES         463101.77          10        20
    110         34.29         446829.89       YES         452157.19          10        30
    120         38.90         446829.89       YES         455980.39          10        10
    130         39.78         446829.89       YES         450596.42          10        20
    140         44.06         446829.89       YES         456873.74           9        30
    150         48.75         446829.89       YES         485488.21          10        10
    160         49.74         446829.89       YES         449030.31          10        20
    170         54.13         446829.89       YES         471818.21          10        30
    180         59.00         446829.89       YES         483633.46          10        10
    190         60.07         446829.89       YES         446829.89          10        20
