   iter       time(s)          bestCost  feasible      bestThisIter    feasAnts noImprove
---------------------------------------------------------------------------------------------
     10          0.16          15863.34       YES          15863.34          10         7
     20          1.25          15863.34       YES          15863.34          10        17
     30          2.45          15863.34       YES          15863.34          10        27
     40          2.62          15863.34       YES          15863.34          10         7
     50          3.97          15863.34       YES          15863.34          10        17
     60          5.29          15863.34       YES          15863.34          10        27
     70          5.48          15863.34       YES          15863.34          10         7
     80          6.60          15863.34       YES          15863.34          10        17
     90          7.65          15863.34       YES          15863.34          10        27
    100          7.79          15863.34       YES          15863.34          10         7
    110          8.89          15863.34       YES          15863.34          10        17
    120          9.99          15863.34       YES          15863.34          10        27
    130         10.14          15863.34       YES          15863.34          10         7
    140         11.43          15863.34       YES          15863.34          11        17
    150         12.74          15863.34       YES          15863.34          11        27
    160         12.92          15863.34       YES          15863.34          10         7
    170         14.12          15863.34       YES          15863.34          11        17
    180         15.14          15863.34       YES          15863.34          11        27
    190         15.29          15863.34       YES          15863.34          10         7
    200         16.35          15863.34       YES          15863.34          10        17
    210         17.36          15863.34       YES          15863.34          10        27
    220         17.51          15863.34       YES          15863.34          10         7
    230         18.78          15863.34       YES          15863.34          10        17
    240         20.08          15863.34       YES          15863.34          11        27
    250         20.25          15863.34       YES          15863.34          10         7
    260         21.56          15863.34       YES          15863.34          10        17
    270         22.61          15863.34       YES          15863.34          13        27
    280         22.78          15863.34       YES          15863.34          10         7
    290         23.85          15863.34       YES          15863.34          11        17
    300         24.90          15863.34       YES          15863.34          10        27
    310         25.01          15863.34       YES          15863.34          10         7
    320         26.17          15863.34       YES          15863.34          10        17
    330         27.44          15863.34       YES          15863.34          10        27
    340         27.61          15863.34       YES          15863.34          10         7
    350         28.95          15863.34       YES          15863.34          10        17
    360         30.12          15863.34       YES          15863.34          10        27
    370         30.26          15863.34       YES          15863.34          10         7
    380         31.35          15863.34       YES          15863.34          10        17
    390         32.42          15863.34       YES          15863.34          10        27
    400         32.56          15863.34       YES          15863.34          10         7
    410         33.64          15863.34       YES          15863.34          14        17
    420         34.94          15863.34       YES          15863.34          10        27
    430         35.12          15863.34       YES          15863.34          10         7
    440         36.41          15863.34       YES          15863.34          10        17
    450         37.69          15863.34       YES          15863.34          10        27
    460         37.83          15863.34       YES          15892.01          10         7
    470         38.90          15863.34       YES          15863.34          11        17
    480         39.97          15863.34       YES          15863.34          10        27
    490         40.10          15863.34       YES          15863.34          10         7
    500         41.18          15863.34       YES          15863.34          11        17
    510         42.36          15863.34       YES          15863.34          10        27
    520         42.52          15863.34       YES          15863.34          10         7
    530         43.84          15863.34       YES          15863.34          10        17
    540         45.14          15863.34       YES          15863.34          11        27
    550         45.31          15863.34       YES          15863.34          10         7
    560         46.43          15863.34       YES          15863.34          10        17
    570         47.48          15863.34       YES          15863.34          10        27
    580         47.63          15863.34       YES          15863.34          10         7
    590         48.68          15863.34       YES          15863.34          10        17
    600         49.78          15863.34       YES          15863.34          10        27
    610         49.94          15863.34       YES          15863.34          10         7
    620         51.26          15863.34       YES          15863.34          10        17
    630         52.58          15863.34       YES          15863.34          10        27
    640         52.76          15863.34       YES          15863.34          10         7
    650         54.00          15863.34       YES          15863.34          10        17
    660         55.06          15863.34       YES          15863.34          13        27
    670         55.19          15863.34       YES          15863.34          10         7
    680         56.25          15863.34       YES          15863.34          10        17
    690         57.31          15863.34       YES          15863.34          10        27
    700         57.45          15863.34       YES          15889.05          10         7
    710         58.52          15863.34       YES          15863.34          10        17
    720         59.56          15863.34       YES          15863.34          11        27
    730         59.71          15863.34       YES          15863.34          10         7
