   iter       time(s)          bestCost  feasible      bestThisIter    feasAnts noImprove
---------------------------------------------------------------------------------------------
     10          1.06          30911.74       YES          31515.38          10         7
     20          5.70          30197.39       YES          30219.95          18         1
     30          9.99          30197.39       YES          30579.84          10        11
     40         10.98          30197.39       YES          31410.53          10        21
     50         15.91          30197.39       YES          31445.16          10         1
     60         20.37          30128.42       YES          31928.04          10         0
     70         21.14          30128.42       YES          30504.63          10        10
     80         25.67          30105.86       YES          30105.86          10         5
     90         30.32          30105.86       YES          30361.97          10        15
    100         31.59          30105.86       YES          31359.95          10        25
    110         35.92          30105.86       YES          31280.84          10         5
    120         40.87          30105.86       YES          31859.12          10        15
    130         41.94          30105.86       YES          30879.77          10        25
    140         46.70          30105.86       YES          32547.02          10         5
    150         51.29          30105.86       YES          30446.29          10        15
    160         52.63          30105.86       YES          31861.70          10        25
    170         57.33          30105.86       YES          31161.21          10         5
    180         62.16          29935.85       YES          30638.31          10         0
