   iter       time(s)          bestCost  feasible      bestThisIter    feasAnts noImprove
---------------------------------------------------------------------------------------------
     10          0.68         121984.58       YES         121984.58          10         1
     20          3.45         121056.74       YES         121056.74          10         9
     30          6.11         121056.74       YES         125946.56          10        19
     40          6.83         119276.48       YES         119276.48          10         0
     50          9.17         118225.29       YES         118225.29          10         5
     60         11.51         117733.02       YES         117733.02          12         1
     70         11.93         117733.02       YES         118564.84          10        11
     80         14.88         117733.02       YES         124639.82          10        21
     90         17.66         117733.02       YES         130232.32          10         1
    100         18.49         117733.02       YES         127870.18          10        11
    110         21.09         117733.02       YES         128780.61          10        21
    120         23.75         117733.02       YES         129615.41          10         1
    130         24.62         117733.02       YES         121675.37          10        11
    140         27.82         117733.02       YES         122140.02          10        21
    150         30.44         117733.02       YES         133114.36          10         1
    160         31.31         117733.02       YES         125416.42          10        11
    170         33.96         117733.02       YES         121847.11          10        21
    180         36.54         117733.02       YES         134114.80          10         1
    190         37.66         117733.02       YES         120944.65          10        11
    200         40.69         117733.02       YES         119948.08          10        21
    210         43.34         117733.02       YES         127614.39          10         1
    220         44.15         117733.02       YES         127580.90          10        11
    230         47.25         117733.02       YES         124235.05          10        21
    240         50.00         117733.02       YES         128107.02          10         1
    250         50.89         117733.02       YES         129552.64          10        11
    260         53.67         117733.02       YES         122026.67          10        21
    270         56.78         117733.02       YES         133755.60          10         1
    280         57.58         117733.02       YES         128340.36          10        11
