   iter       time(s)          bestCost  feasible      bestThisIter    feasAnts noImprove
---------------------------------------------------------------------------------------------
     10          1.52          12494.72       YES          12494.72          10         0
     20          8.45          12285.53       YES          12285.53          10         4
     30         15.28          12285.53       YES          12285.53          10        14
     40         16.92          12285.53       YES          12512.85          10        24
     50         23.61          12232.57       YES          12232.57          11         5
     60         29.92          12229.48       YES          12509.82          10         0
     70         30.74          12201.11       YES          12201.11          18         0
     80         37.45          12201.11       YES          12201.11           9        10
     90         44.40          12201.11       YES          12948.96          10        20
    100         45.84          12201.11       YES          13073.79          10        30
    110         53.46          12201.11       YES          12638.14          10        10
    120         60.67          12201.11       YES          13047.44          10        20
