   iter       time(s)          bestCost  feasible      bestThisIter    feasAnts noImprove
---------------------------------------------------------------------------------------------
     10          0.49         699604.48       YES         699604.48          11         4
     20          3.14         676879.93       YES         676879.93          10         2
     30          5.65         676879.93       YES         676879.93          11        12
     40          5.90         676879.93       YES         676879.93           8        22
     50          8.19         676879.93       YES         676879.93          10         2
     60         10.55         676879.93       YES         676879.93          10        12
     70         10.84         676879.93       YES         676879.93          10        22
     80         13.18         676879.93       YES         676879.93          10         2
     90         16.08         676879.93       YES         676879.93          10        12
    100         16.37         676879.93       YES         676879.93          10        22
    110         18.66         676879.93       YES         676879.93          10         2
    120         21.08         676879.93       YES         676879.93          10        12
    130         21.41         676879.93       YES         676879.93          10        22
    140         24.13         676879.93       YES         676879.93          10         2
    150         26.65         676879.93       YES         676879.93          10        12
    160         26.97         676879.93       YES         676879.93          10        22
    170         29.35         676879.93       YES         676879.93          10         2
    180         32.22         676879.93       YES         676879.93          10        12
    190         32.58         676879.93       YES         676879.93          10        22
    200         34.94         676879.93       YES         684521.91          10         2
    210         37.36         676879.93       YES         676879.93          10        12
    220         37.72         676879.93       YES         676879.93           9        22
    230         40.48         676879.93       YES         676879.93          10         2
    240         42.98         676879.93       YES         676879.93           9        12
    250         43.27         676879.93       YES         676879.93          10        22
    260         45.65         676879.93       YES         678160.29          10         2
    270         48.54         676879.93       YES         676879.93          10        12
    280         48.89         676879.93       YES         676879.93          10        22
    290         51.16         676879.93       YES         690707.58          10         2
    300         53.53         676879.93       YES         684521.91          10        12
    310         53.86         676879.93       YES         676879.93          10        22
    320         56.62         676879.93       YES         676879.93          10         2
    330         59.06         676879.93       YES         676879.93          10        12
    340         59.31         676879.93       YES         676879.93           9        22
