   iter       time(s)          bestCost  feasible      bestThisIter    feasAnts noImprove
---------------------------------------------------------------------------------------------
     10          0.65         242989.93       YES         242989.93          10         0
     20          3.46         241500.18       YES         241500.18          10         7
     30          5.67         238158.09       YES         239585.11          10         0
     40          6.05         238158.09       YES         238158.09          10        10
     50          8.42         238158.09       YES         238158.09          10        20
     60         11.22         238158.09       YES         238158.09          10        30
     70         11.87         238158.09       YES         247569.47          10        10
     80         14.14         238158.09       YES         245741.49          10        20
     90         16.62         238158.09       YES         242351.00          10        30
    100         17.41         238158.09       YES         247877.77          10        10
    110         20.00         238158.09       YES         239937.98          10        20
    120         22.21         238158.09       YES         242161.87          10        30
    130         22.88         238158.09       YES         241170.71          10        10
    140         25.52         238158.09       YES         239139.08          10        20
    150         28.10         238158.09       YES         243906.09          10        30
    160         28.66         238158.09       YES         253556.57          10        10
    170         30.94         238158.09       YES         240707.09          10        20
    180         33.60         238158.09       YES         246478.81          10        30
    190         34.41         238158.09       YES         248029.85          10        10
    200         36.83         238158.09       YES         246982.52          10        20
    210         39.06         238158.09       YES         239505.32           9        30
    220         39.71         238158.09       YES         246223.98          10        10
    230         41.95         238158.09       YES         238158.09          10        20
    240         44.17         238158.09       YES         242675.37          10        30
    250         44.78         238158.09       YES         246687.48          10        10
    260         47.10         238158.09       YES         238158.09          10        20
    270         49.32         238158.09       YES         238158.09          10        30
    280         49.98         238158.09       YES         245775.05          10        10
    290         52.24         238158.09       YES         242873.35          10        20
    300         54.50         238158.09       YES         240264.31          10        30
    310         55.14         238158.09       YES         242364.43          10        10
    320         57.89         238158.09       YES         248144.33          10        20
    330         60.51         238158.09       YES         246088.45          10        30
