   iter       time(s)          bestCost  feasible      bestThisIter    feasAnts noImprove
---------------------------------------------------------------------------------------------
     10          1.30         392329.36       YES         392436.26          10         7
     20          9.97         392225.23       YES         392225.23          15         5
     30         18.71         391835.67       YES         391835.67          20         3
     40         19.84         391835.67       YES         391835.67          10        13
     50         29.02         391835.67       YES         391835.67          10        23
     60         38.40         391835.67       YES         397618.10          10         3
     70         39.72         391835.67       YES         396337.34          10        13
     80         48.91         391835.67       YES         396367.70          10        23
     90         58.02         391835.67       YES         397004.01          10         3
    100         59.14         391835.67       YES         395141.94          10        13
