   iter       time(s)          bestCost  feasible      bestThisIter    feasAnts noImprove
---------------------------------------------------------------------------------------------
     10          1.36         838744.38       YES         842086.95          10         8
     20          7.65         831829.34       YES         831829.34          15         2
     30         14.31         827776.05       YES         830688.22          10         0
     40         15.34         827776.05       YES         827776.05          10        10
     50         21.94         827776.05       YES         828136.52          10        20
     60         28.63         827776.05       YES         842005.09          10        30
     70         30.01         827776.05       YES         871857.26          10        10
     80         36.78         819283.68       YES         819283.68          10         2
     90         42.78         818127.81       YES         818127.81          10         4
    100         43.81         818127.81       YES         818127.81          10        14
    110         50.36         817666.15       YES         817666.15          10         8
    120         57.15         817666.15       YES         839419.85          10        18
    130         58.35         817666.15       YES         894983.99          10        28
