   iter       time(s)          bestCost  feasible      bestThisIter    feasAnts noImprove
---------------------------------------------------------------------------------------------
     10          0.35        4735587.96       YES        4735587.96          10         7
     20          4.89        4735587.96       YES        4735587.96          18         5
     30          8.77        4735587.96       YES        4735587.96          10        15
     40          9.01        4735587.96       YES        4735587.96          10        25
     50         13.55        4735587.96       YES        4738220.78          10         5
     60         17.42        4735587.96       YES        4735587.96          10        15
     70         17.69        4735587.96       YES        4735587.96          10        25
     80         22.15        4735587.96       YES        4738220.78          10         5
     90         26.14        4735587.96       YES        4735587.96          10        15
    100         26.42        4735587.96       YES        4735587.96          10        25
    110         30.80        4735587.96       YES        4735587.96          10         5
    120         34.94        4735587.96       YES        4735587.96          10        15
    130         35.21        4735587.96       YES        4735587.96          10        25
    140         39.43        4735587.96       YES        4735587.96          10         5
    150         43.69        4735587.96       YES        4735587.96          10        15
    160         43.98        4735587.96       YES        4735587.96          10        25
    170         48.12        4735587.96       YES        4759986.80          10         5
    180         52.51        4735587.96       YES        4735587.96          10        15
    190         52.78        4735587.96       YES        4735587.96          10        25
    200         56.68        4735587.96       YES        4738220.78          10         5
    210         61.15        4735587.96       YES        4735587.96          10        15
