91 98 99 100 101 102 103 104 111 112 113 114 115 116 117 124 125 126 127 
9 10 11 12 13 20 21 22 23 24 25 26 33 34 35 36 37 38 39 
128 129 130 138 139 140 141 142 143 150 151 152 153 154 155 156 163 164 166 168 169 
1 2 3 4 5 6 7 8 14 15 16 17 18 19 27 28 29 30 31 32 40 
105 106 108 109 110 118 119 120 121 122 123 131 132 133 134 135 136 144 145 146 
54 66 67 68 69 79 80 81 82 83 84 92 93 94 95 96 97 107 
147 148 149 157 158 159 160 161 162 170 171 172 173 174 183 184 185 186 187 
47 48 49 50 51 52 61 62 63 64 65 74 75 76 77 78 87 88 89 90 
41 42 43 44 45 46 53 55 56 57 58 59 60 70 71 72 73 85 86 
137 165 167 175 176 177 178 179 180 181 182 188 189 190 191 192 193 194 195 
