   iter       time(s)          bestCost  feasible      bestThisIter    feasAnts noImprove
---------------------------------------------------------------------------------------------
     10          0.68        1413358.92       YES        1413531.79          10         3
     20          5.11        1410795.14       YES        1410795.14          10         7
     30         10.15        1404935.98       YES        1430756.50          10         0
     40         10.52        1404153.99       YES        1404153.99          10         6
     50         15.06        1404153.99       YES        1404153.99          10        16
     60         19.74        1404153.99       YES        1412629.01          10        26
     70         20.45        1404153.99       YES        1482492.58          10         6
     80         25.59        1404153.99       YES        1417146.58          10        16
     90         30.28        1404153.99       YES        1431537.81          10        26
    100         31.11        1404153.99       YES        1459341.25          10         6
    110         35.93        1404153.99       YES        1404935.98          10        16
    120         40.88        1404153.99       YES        1433767.84          10        26
    130         41.61        1404153.99       YES        1410795.14          10         6
    140         45.98        1404153.99       YES        1416673.87          10        16
    150         50.81        1404153.99       YES        1410795.14          10        26
    160         51.56        1404153.99       YES        1438466.39          10         6
    170         56.53        1404153.99       YES        1443707.51           9        16
    180         61.07        1404153.99       YES        1413203.71          10        26
