   iter       time(s)          bestCost  feasible      bestThisIter    feasAnts noImprove
---------------------------------------------------------------------------------------------
     10          0.68         123348.07       YES         123348.07          10         0
     20          3.39         118456.55       YES         118456.55          10         5
     30          6.59         118456.55       YES         125318.61          10        15
     40          7.34         118456.55       YES         129959.63          10        25
     50         10.16         118456.55       YES         132675.81          10         5
     60         13.58         118456.55       YES         121279.91          10        15
     70         14.58         118456.55       YES         125543.47          10        25
     80         17.35         118456.55       YES         127545.89          10         5
     90         20.26         118456.55       YES         123307.27          10        15
    100         21.01         118456.55       YES         126031.50          10        25
    110         23.99         118456.55       YES         119620.19          10         5
    120         27.38         118456.55       YES         125346.62           9        15
    130         28.14         118456.55       YES         122139.43          10        25
    140         30.89         118456.55       YES         140125.72          10         5
    150         34.33         118456.55       YES         127484.15          10        15
    160         35.13         118456.55       YES         128372.93          10        25
    170         38.00         118456.55       YES         128886.88          10         5
    180         41.29         118456.55       YES         129990.39          10        15
    190         42.21         118456.55       YES         120412.01          10        25
    200         45.02         118456.55       YES         131913.62          10         5
    210         47.88         118456.55       YES         131632.34          10        15
    220         48.61         118456.55       YES         126056.71          10        25
    230         51.46         118456.55       YES         132563.65          10         5
    240         54.93         118456.55       YES         118456.55           8        15
    250         55.65         118456.55       YES         120412.01          10        25
    260         58.36         118456.55       YES         136895.71          10         5
    270         61.69         118456.55       YES         130302.40          10        15
