   iter       time(s)          bestCost  feasible      bestThisIter    feasAnts noImprove
---------------------------------------------------------------------------------------------
     10          1.07          79386.31       YES          79386.31          10         0
     20          3.85          78468.45       YES          79138.54          10         9
     30          7.37          77957.80       YES          81506.29          10         0
     40          8.05          77897.18       YES          77897.18          10         6
     50         11.27          77897.18       YES          85221.31          10        16
     60         15.00          77897.18       YES          85542.97          10        26
     70         16.36          77897.18       YES          82974.54          10         6
     80         19.76          77897.18       YES          83191.72          10        16
     90         23.71          77897.18       YES          79853.43          10        26
    100         25.05          77897.18       YES          87540.42          10         6
    110         28.31          77897.18       YES          83778.79          10        16
    120         32.24          77897.18       YES          82722.52          10        26
    130         33.45          77897.18       YES          84466.76          10         6
    140         36.80          77897.18       YES          84447.14          10        16
    150         40.85          77676.88       YES          83671.83          10         0
    160         41.57          77676.88       YES          78439.22          10        10
    170         44.70          77676.88       YES          86210.45          10        20
    180         48.75          77676.88       YES          85508.94          10        30
    190         50.05          77676.88       YES          86775.89          10        10
    200         53.47          77676.88       YES          84823.77          10        20
    210         57.38          77676.88       YES          81790.94          10        30
    220         58.63          77676.88       YES          85074.22          10        10
