   iter       time(s)          bestCost  feasible      bestThisIter    feasAnts noImprove
---------------------------------------------------------------------------------------------
     10          1.26        1900596.30       YES        1934464.83          10         4
     20          8.58        1899642.75       YES        1899642.75          11         5
     30         15.88        1899642.75       YES        1900596.30          10        15
     40         17.38        1899642.75       YES        1913278.90          10        25
     50         24.96        1899642.75       YES        1936465.62          10         5
     60         32.67        1899642.75       YES        1899642.75          10        15
     70         34.00        1899642.75       YES        1908904.72          10        25
     80         41.72        1899642.75       YES        2034679.82          10         5
     90         49.37        1899642.75       YES        1905506.93          10        15
    100         50.83        1899642.75       YES        1919378.89          10        25
    110         58.31        1899642.75       YES        1924307.14          10         5
    120         66.07        1899642.75       YES        1905506.93          10        15
