17 22 25 90 98 109 114 145 
28 34 56 58 88 101 108 148 
16 44 51 63 82 120 127 
36 57 74 81 97 136 144 
1 20 42 55 64 67 110 
4 45 60 93 100 116 140 143 
5 43 50 72 86 119 123 
23 70 76 102 111 121 139 
2 6 31 65 80 104 115 147 
8 47 54 75 106 112 134 149 
10 11 19 66 92 105 141 
12 18 24 40 49 99 125 
21 30 35 41 68 77 89 122 
62 91 94 95 129 131 133 
48 52 84 87 96 103 128 150 
13 15 27 53 79 85 107 130 
7 9 26 78 117 135 146 
29 32 37 46 61 132 137 142 
3 14 33 59 69 73 118 
38 39 71 83 113 124 126 138 
