2 40 44 50 54 64 68 69 114 144 
28 67 93 105 130 131 133 138 142 
25 51 58 61 81 87 108 125 145 148 
4 19 26 65 66 97 118 119 124 129 143 
11 15 17 23 32 45 47 74 91 98 109 
20 27 35 57 60 62 77 86 110 150 
1 6 10 21 49 63 72 84 90 113 
5 37 39 52 73 78 96 101 147 
8 31 42 56 75 80 89 92 122 139 
13 33 76 82 95 103 116 126 146 
29 30 48 85 107 112 121 132 135 
7 9 12 34 55 83 115 117 120 140 149 
24 36 38 59 99 102 104 111 127 141 
16 18 22 53 70 79 88 94 106 134 137 
3 14 41 43 46 71 100 123 128 136 
