17 25 28 34 58 88 90 98 108 109 113 114 126 145 148 
2 21 23 35 68 70 76 91 94 95 102 111 121 122 129 131 139 
5 38 39 43 50 56 71 72 86 101 119 123 124 133 
10 14 19 33 45 57 74 81 92 99 100 105 136 141 143 
3 4 30 36 41 59 60 69 73 77 89 93 115 116 118 140 
13 15 20 27 42 55 64 65 67 79 85 107 110 130 147 
11 44 48 51 52 66 84 87 96 97 103 128 144 150 
1 12 24 29 32 40 46 53 61 117 125 132 137 142 
7 9 16 18 26 37 49 63 78 82 120 127 135 146 
6 8 22 31 47 54 62 75 80 83 104 106 112 134 138 149 
