   iter       time(s)          bestCost  feasible      bestThisIter    feasAnts noImprove
---------------------------------------------------------------------------------------------
     10          0.48        1456993.72       YES        1456993.72          10         5
     20          4.64        1456993.72       YES        1456993.72          10        15
     30          8.40        1456138.75       YES        1456138.75          15         5
     40          8.87        1456138.75       YES        1456993.72          11        15
     50         13.25        1456138.75       YES        1458159.67          10        25
     60         16.83        1456138.75       YES        1459730.09          10         5
     70         17.31        1456138.75       YES        1456138.75          10        15
     80         21.80        1456138.75       YES        1456138.75          10        25
     90         25.43        1456138.75       YES        1459778.03          10         5
    100         25.93        1456138.75       YES        1456138.75          10        15
    110         30.31        1456138.75       YES        1456138.75          10        25
    120         34.00        1456138.75       YES        1456138.75          10         5
    130         34.43        1456138.75       YES        1456138.75          10        15
    140         38.14        1456138.75       YES        1465257.33          10        25
    150         42.45        1456138.75       YES        1456138.75          10         5
    160         42.84        1456138.75       YES        1456138.75          10        15
    170         46.74        1456138.75       YES        1456138.75          10        25
    180         50.96        1456138.75       YES        1459778.03          10         5
    190         51.46        1456138.75       YES        1456138.75          10        15
    200         55.39        1456138.75       YES        1456138.75          10        25
    210         59.51        1456138.75       YES        1463312.71          10         5
    220         59.95        1456138.75       YES        1456138.75          10        15
