55 59 67 72 73 84 86 87 99 100 
142 145 147 148 149 152 153 159 160 161 162 
64 76 77 78 79 80 91 92 94 96 
119 123 124 125 126 137 138 140 169 
16 18 19 20 21 22 23 24 25 27 46 
141 146 150 151 163 164 165 166 171 172 
4 8 10 11 13 42 57 69 71 85 
1 2 3 5 6 7 9 12 60 
115 116 121 122 139 154 155 156 157 158 
26 28 29 30 31 32 33 36 37 38 
178 184 185 186 187 193 194 195 196 197 198 
106 107 108 109 110 111 112 117 118 120 167 
45 53 54 61 66 70 74 83 98 
34 35 39 47 48 49 50 51 52 63 
14 15 17 40 41 43 44 56 58 68 
129 130 131 132 133 134 135 136 143 144 
93 95 101 102 103 104 105 113 114 
62 65 75 81 82 88 89 90 97 
173 174 175 176 177 179 180 182 183 189 191 
127 128 168 170 181 188 190 192 
