   iter       time(s)          bestCost  feasible      bestThisIter    feasAnts noImprove
---------------------------------------------------------------------------------------------
     10          0.41          55121.44       YES          55121.44          10         8
     20          3.24          55121.44       YES          55121.44          10        18
     30          6.21          55121.44       YES          55121.44          10        28
     40          6.82          55121.44       YES          55121.44          10         8
     50          9.60          55060.10       YES          55060.10          14         3
     60         12.16          55060.10       YES          55060.10          11        13
     70         12.62          55060.10       YES          55060.10          10        23
     80         15.49          55060.10       YES          55211.61          10         3
     90         18.05          55060.10       YES          55238.45          10        13
    100         18.53          55060.10       YES          55060.10          10        23
    110         21.56          55060.10       YES          55252.45          10         3
    120         24.57          55060.10       YES          55316.88          10        13
    130         25.10          55060.10       YES          55252.45          10        23
    140         28.38          55060.10       YES          55337.25          10         3
    150         31.25          55060.10       YES          55060.10          10        13
    160         31.74          55060.10       YES          55060.10          10        23
    170         34.55          55060.10       YES          55238.45          10         3
    180         37.13          55060.10       YES          55252.45          10        13
    190         37.73          55060.10       YES          55060.10          10        23
    200         40.06          55060.10       YES          55392.91          12         3
    210         42.71          55060.10       YES          55238.45          10        13
    220         43.22          55060.10       YES          55060.10          10        23
    230         45.62          55060.10       YES          55238.45          10         3
    240         47.92          55060.10       YES          55121.44          10        13
    250         48.51          55060.10       YES          55238.45          10        23
    260         51.02          55060.10       YES          55252.45          11         3
    270         53.38          55060.10       YES          55060.10          10        13
    280         53.74          55060.10       YES          55060.10          10        23
    290         55.93          55060.10       YES          55517.80          10         3
    300         58.39          55060.10       YES          55121.44          10        13
    310         58.88          55060.10       YES          55060.10          10        23
