   iter       time(s)          bestCost  feasible      bestThisIter    feasAnts noImprove
---------------------------------------------------------------------------------------------
     10          2.91          63311.52       YES          64610.27          10         9
     20         12.37          60218.85       YES          61899.32          10         2
     30         20.89          59078.86       YES          59708.69          10         0
     40         22.11          58952.27       YES          59000.28          13         2
     50         30.36          58885.91       YES          58885.91          10         5
     60         39.38          58119.89       YES          58982.31          10         0
     70         40.77          58031.69       YES          58031.69           9         6
     80         49.89          58031.69       YES          62754.71          10        16
     90         60.04          58031.69       YES          62424.52          10        26
