   iter       time(s)          bestCost  feasible      bestThisIter    feasAnts noImprove
---------------------------------------------------------------------------------------------
     10          0.81        1582168.50       YES        1589809.49          10         7
     20          8.35        1565712.39       YES        1565712.39          11         5
     30         15.68        1565325.56       YES        1565325.56          12         7
     40         16.45        1565325.56       YES        1565325.56          10        17
     50         24.05        1564537.40       YES        1564537.40          17         5
     60         31.15        1563234.60       YES        1563234.60          10         9
     70         31.83        1563234.60       YES        1583049.51          10        19
     80         38.87        1561703.34       YES        1561703.34          13         8
     90         45.76        1559253.94       YES        1561703.34          10         0
    100         46.42        1559253.94       YES        1559253.94          10        10
    110         53.54        1559253.94       YES        1572488.88          10        20
    120         60.38        1559253.94       YES        1559253.94          10        30
