   iter       time(s)          bestCost  feasible      bestThisIter    feasAnts noImprove
---------------------------------------------------------------------------------------------
     10          0.20         231572.32       YES         231572.32          10         4
     20          1.55         231572.32       YES         231572.32          11        14
     30          2.92         231572.32       YES         231572.32          10        24
     40          3.11         231572.32       YES         231572.32          10         4
     50          4.71         231572.32       YES         231572.32          10        14
     60          6.46         231572.32       YES         231572.32          10        24
     70          6.68         231572.32       YES         232335.10          10         4
     80          8.32         231572.32       YES         231572.32          13        14
     90          9.70         231572.32       YES         231572.32          11        24
    100          9.86         231572.32       YES         231572.32          10         4
    110         11.29         231572.32       YES         231572.32          10        14
    120         12.87         231572.32       YES         231572.32          10        24
    130         13.08         231572.32       YES         231572.32          10         4
    140         14.84         231572.32       YES         231572.32          11        14
    150         16.38         231572.32       YES         231572.32          11        24
    160         16.56         231572.32       YES         231572.32          10         4
    170         18.06         231572.32       YES         231572.32          13        14
    180         19.45         231572.32       YES         231572.32          10        24
    190         19.61         231572.32       YES         231572.32          10         4
    200         21.28         231572.32       YES         231572.32          10        14
    210         23.00         231572.32       YES         231572.32          10        24
    220         23.19         231572.32       YES         231572.32          10         4
    230         24.69         231572.32       YES         231572.32          10        14
    240         26.06         231572.32       YES         231572.32          10        24
    250         26.24         231572.32       YES         231572.32          10         4
    260         27.68         231572.32       YES         231572.32          10        14
    270         29.40         231572.32       YES         231572.32          10        24
    280         29.61         231572.32       YES         231572.32          10         4
    290         31.41         231572.32       YES         231572.32          10        14
    300         32.87         231572.32       YES         231572.32          10        24
    310         33.03         231572.32       YES         231572.32          10         4
    320         34.49         231572.32       YES         231572.32          11        14
    330         35.82         231572.32       YES         231572.32          10        24
    340         36.08         231572.32       YES         231986.95          10         4
    350         37.85         231572.32       YES         231572.32          10        14
    360         39.55         231572.32       YES         231572.32          11        24
    370         39.75         231572.32       YES         231986.95          10         4
    380         41.18         231572.32       YES         231572.32          10        14
    390         42.59         231572.32       YES         231572.32          10        24
    400         42.76         231572.32       YES         231572.32          10         4
    410         44.25         231572.32       YES         231572.32          11        14
    420         45.90         231572.32       YES         231572.32          11        24
    430         46.10         231572.32       YES         231986.95          10         4
    440         47.89         231572.32       YES         231572.32          10        14
    450         49.25         231572.32       YES         231572.32          11        24
    460         49.41         231572.32       YES         231572.32          10         4
    470         50.83         231572.32       YES         231572.32          12        14
    480         52.18         231572.32       YES         231572.32          10        24
    490         52.36         231572.32       YES         232725.89          10         4
    500         53.73         231572.32       YES         231572.32          10        14
    510         55.09         231572.32       YES         231572.32          10        24
    520         55.26         231572.32       YES         232156.61          10         4
    530         56.85         231572.32       YES         231572.32          10        14
    540         58.55         231572.32       YES         231572.32          10        24
    550         58.75         231572.32       YES         232156.61          10         4
