   iter       time(s)          bestCost  feasible      bestThisIter    feasAnts noImprove
---------------------------------------------------------------------------------------------
     10          0.67         495626.86       YES         500345.94          10         7
     20          6.26         485251.70       YES         485251.70          16         2
     30         11.51         485169.52       YES         485169.52          10         0
     40         12.04         485169.52       YES         485169.52          10        10
     50         16.56         484085.68       YES         484085.68          14         4
     60         21.73         484085.68       YES         484085.68          10        14
     70         22.21         484085.68       YES         484085.68          10        24
     80         27.28         484085.68       YES         487200.09          10         4
     90         32.30         484085.68       YES         485600.38          10        14
    100         32.83         484085.68       YES         488306.22          10        24
    110         38.13         484085.68       YES         489857.77          10         4
    120         43.18         484085.68       YES         489332.45          10        14
    130         43.90         484085.68       YES         489260.74          10        24
    140         48.63         484085.68       YES         485169.52          10         4
    150         54.01         484085.68       YES         486704.42          10        14
    160         54.46         484085.68       YES         485463.35          10        24
    170         59.71         484085.68       YES         490970.70          10         4
