   iter       time(s)          bestCost  feasible      bestThisIter    feasAnts noImprove
---------------------------------------------------------------------------------------------
     10          0.64           6158.05       YES           6158.05          10         4
     20          2.91           6031.96       YES           6031.96          11         2
     30          5.03           5956.46       YES           5956.46          13         5
     40          5.38           5956.46       YES           5999.54          10        15
     50          7.44           5942.03       YES           5834.34          14         5
     60          9.63           5942.03       YES           5882.89           9        15
     70         10.06           5942.03       YES           6061.06           9        25
     80         12.33           5942.03       YES           6144.98          10         5
     90         14.61           5942.03       YES           6127.76          10        15
    100         15.03           5942.03       YES           5942.03          10        25
    110         17.28           5942.03       YES           6155.32          10         5
    120         20.07           5942.03       YES           5956.46           9        15
    130         20.57           5942.03       YES           6163.45          10        25
    140         22.97           5942.03       YES           5998.32          10         5
    150         25.26           5942.03       YES           5882.89           9        15
    160         25.68           5942.03       YES           6057.31           9        25
    170         28.50           5942.03       YES           6259.30          10         5
    180         31.02           5942.03       YES           6189.37          10        15
    190         31.44           5942.03       YES           6274.70          10        25
    200         33.64           5942.03       YES           6164.49          10         5
    210         36.49           5942.03       YES           6054.25          10        15
    220         37.01           5942.03       YES           6116.36          10        25
    230         39.30           5942.03       YES           6046.22          10         5
    240         41.62           5942.03       YES           5834.34           8        15
    250         42.14           5942.03       YES           6136.42          10        25
    260         44.93           5942.03       YES           6308.01          10         5
    270         47.29           5942.03       YES           5882.89           8        15
    280         47.70           5942.03       YES           6123.35          10        25
    290         50.11           5942.03       YES           6090.07          10         5
    300         52.93           5942.03       YES           5942.03          10        15
    310         53.43           5942.03       YES           6188.74          10        25
    320         55.64           5942.03       YES           6142.01          10         5
    330         58.02           5942.03       YES           6205.24          10        15
    340         58.46           5942.03       YES           6149.88          10        25
