   iter       time(s)          bestCost  feasible      bestThisIter    feasAnts noImprove
---------------------------------------------------------------------------------------------
     10          0.67        2860916.83       YES        2860916.83          10         4
     20          5.80        2860916.83       YES        2860916.83          10        14
     30         10.89        2860916.83       YES        2862741.61          10        24
     40         11.56        2860916.83       YES        2889622.08          10         4
     50         16.59        2860916.83       YES        2860916.83          10        14
     60         21.76        2860916.83       YES        2860916.83          10        24
     70         22.42        2860916.83       YES        2910136.27          10         4
     80         27.51        2860916.83       YES        2860916.83          10         0
     90         32.57        2860916.83       YES        2860916.83          11        10
    100         33.19        2860916.83       YES        2871364.14          10        20
    110         38.30        2860916.83       YES        2862741.61          10        30
    120         43.35        2860916.83       YES        2865203.89          10        10
    130         43.97        2860916.83       YES        2862741.61          10        20
    140         49.22        2860916.83       YES        2865203.89          10        30
    150         54.33        2860916.83       YES        2886321.41          10        10
    160         55.06        2860916.83       YES        2860916.83          10        20
