   iter       time(s)          bestCost  feasible      bestThisIter    feasAnts noImprove
---------------------------------------------------------------------------------------------
     10          0.24        4454790.40       YES        4454790.40          10         9
     20          2.49        4454790.40       YES        4454790.40          10        19
     30          4.74        4454790.40       YES        4454790.40          10        29
     40          4.98        4454790.40       YES        4454790.40          10         9
     50          7.20        4454790.40       YES        4454790.40          11         9
     60          9.44        4454790.40       YES        4454790.40          10        19
     70          9.63        4454790.40       YES        4454790.40          10        29
     80         11.95        4454790.40       YES        4454790.40          10         9
     90         14.20        4454790.40       YES        4454790.40          10        19
    100         14.39        4454790.40       YES        4454790.40          10        29
    110         16.66        4454790.40       YES        4454790.40          10         9
    120         18.90        4454790.40       YES        4454790.40          10        19
    130         19.08        4454790.40       YES        4454790.40          10        29
    140         21.38        4454790.40       YES        4466302.35          10         9
    150         23.66        4454790.40       YES        4454790.40          10        19
    160         23.84        4454790.40       YES        4454790.40          10        29
    170         26.16        4454790.40       YES        4466179.25          10         9
    180         28.40        4454790.40       YES        4454790.40          10        19
    190         28.59        4454790.40       YES        4454790.40          10        29
    200         30.90        4454790.40       YES        4454790.40          10         9
    210         33.14        4454790.40       YES        4454790.40          10        19
    220         33.33        4454790.40       YES        4454790.40          10        29
    230         35.64        4454790.40       YES        4454790.40          10         9
    240         37.89        4454790.40       YES        4454790.40          10        19
    250         38.08        4454790.40       YES        4454790.40          10        29
    260         40.40        4454790.40       YES        4458178.66          10         9
    270         42.70        4454790.40       YES        4454790.40          10        19
    280         42.89        4454790.40       YES        4454790.40          10        29
    290         45.18        4454790.40       YES        4454790.40          10         9
    300         47.44        4454790.40       YES        4454790.40          10        19
    310         47.65        4454790.40       YES        4454790.40          10        29
    320         49.99        4454790.40       YES        4454790.40          10         9
    330         52.30        4454790.40       YES        4454790.40          10        19
    340         52.48        4454790.40       YES        4454790.40          10        29
    350         54.80        4454790.40       YES        4454790.40          10         9
    360         57.06        4454790.40       YES        4454790.40          10        19
    370         57.24        4454790.40       YES        4454790.40          10        29
    380         59.54        4454790.40       YES        4454790.40          10         9
    390         61.82        4454790.40       YES        4454790.40          10        19
