   iter       time(s)          bestCost  feasible      bestThisIter    feasAnts noImprove
---------------------------------------------------------------------------------------------
     10          2.71          77650.05       YES          77650.05           9         0
     20          8.17          72813.99       YES          72813.99          12         0
     30         13.51          72045.12       YES          72370.50          10         0
     40         14.95          71890.38       YES          71890.38          10         3
     50         20.80          70503.44       YES          70503.44           9         5
     60         26.30          70441.03       YES          79551.11          10         0
     70         27.30          69229.55       YES          69229.55          10         5
     80         32.31          68732.67       YES          68732.67          11         0
     90         37.59          68732.67       YES          72011.92          10        10
    100         39.86          68732.67       YES          83560.82          10        20
    110         45.93          68732.67       YES          83376.60          10        30
    120         52.58          68732.67       YES          91638.44          10        10
    130         55.42          68732.67       YES          84127.59          10        20
