   iter       time(s)          bestCost  feasible      bestThisIter    feasAnts noImprove
---------------------------------------------------------------------------------------------
     10          1.33        1691937.78       YES        1691937.78          10         0
     20          7.10        1684745.70       YES        1684745.70          10         7
     30         13.13        1684745.70       YES        1722512.54          10        17
     40         14.33        1684745.70       YES        1692357.43          10        27
     50         21.03        1684745.70       YES        1782747.50          10         7
     60         27.38        1675224.78       YES        1707780.61          10         0
     70         28.41        1675224.78       YES        1675224.78          10        10
     80         34.70        1675224.78       YES        1675224.78          10        20
     90         40.49        1675224.78       YES        1675224.78          10        30
    100         42.21        1675224.78       YES        1690152.02          10        10
    110         48.18        1675224.78       YES        1693831.93          10        20
    120         54.21        1675224.78       YES        1708599.56          10        30
    130         56.01        1675224.78       YES        1728631.67          10        10
