7 9 20 34 46 55 57 81 83 87 112 117 123 132 140 145 
16 19 26 53 65 66 70 94 97 106 118 119 124 129 134 
1 4 6 8 31 42 56 63 75 80 89 92 130 133 139 143 
18 21 22 24 36 38 49 79 84 88 90 99 102 104 137 
10 11 15 17 23 47 59 72 74 109 111 113 127 141 
2 39 40 44 50 64 68 69 73 85 114 116 122 135 144 
3 14 29 30 41 43 48 71 100 107 115 120 128 136 
5 13 33 37 52 76 78 82 95 96 101 103 121 126 146 147 
25 28 51 54 58 61 67 93 105 108 131 138 142 148 
12 27 32 35 45 60 62 77 86 91 98 110 125 149 150 
