   iter       time(s)          bestCost  feasible      bestThisIter    feasAnts noImprove
---------------------------------------------------------------------------------------------
     10          2.07         199961.74       YES         221379.30          10         4
     20          8.40         166530.46       YES         167263.96           9         1
     30         14.52         165682.56       YES         188426.95          10         0
     40         15.60         161665.86       YES         164560.75           9         2
     50         21.47         160934.52       YES         185259.96           9         5
     60         27.71         160934.52       YES         246251.36          10        15
     70         30.64         160934.52       YES         257527.95          10        25
     80         38.05         160934.52       YES         293412.43          10         5
     90         45.31         160934.52       YES         203677.37          10        15
    100         48.16         160934.52       YES         222403.80          10        25
    110         55.53         160934.52       YES         239578.05          10         5
    120         62.96         160934.52       YES         234509.13          10        15
