   iter       time(s)          bestCost  feasible      bestThisIter    feasAnts noImprove
---------------------------------------------------------------------------------------------
     10          0.92          27929.34       YES          28639.85           9         4
     20          3.64          27751.53       YES          27767.07          25         1
     30          6.72          27681.22       YES          27843.49           9         8
     40          7.82          27681.22       YES          29825.96          10        18
     50         11.13          27681.22       YES          29400.98          10        28
     60         14.72          27107.54       YES          30245.89          10         0
     70         15.55          27107.54       YES          27850.18          10        10
     80         18.49          26943.91       YES          26943.91          13         3
     90         21.52          26943.91       YES          28198.14          10        13
    100         22.71          26943.91       YES          28873.94          10        23
    110         26.11          26943.91       YES          28860.68          10         3
    120         29.38          26943.91       YES          28954.10          10        13
    130         30.32          26943.91       YES          28323.50          10        23
    140         33.72          26943.91       YES          29154.99          10         3
    150         37.37          26943.91       YES          28770.60          10        13
    160         38.49          26943.91       YES          29691.42          10        23
    170         41.93          26943.91       YES          29079.79          10         3
    180         45.61          26943.91       YES          29625.98          10        13
    190         46.63          26943.91       YES          27901.96          10        23
    200         50.07          26943.91       YES          27270.12          10         3
    210         53.72          26943.91       YES          27184.94          10        13
    220         54.70          26943.91       YES          28702.43          10        23
    230         58.26          26943.91       YES          29040.49          10         3
    240         61.82          26943.91       YES          30170.75          10        13
