   iter       time(s)          bestCost  feasible      bestThisIter    feasAnts noImprove
---------------------------------------------------------------------------------------------
     10          0.43         103942.79       YES         103942.79          10         3
     20          2.10         103942.79       YES         103942.79          10        13
     30          4.24         103942.79       YES         103942.79          10        23
     40          4.79         103942.79       YES         104828.14          10         3
     50          6.87         103942.79       YES         103942.79          10        13
     60          8.56         103942.79       YES         103942.79          10        23
     70          8.97         103942.79       YES         103942.79          10         3
     80         10.76         103942.79       YES         104632.56          10        13
     90         12.47         103942.79       YES         103942.79          10        23
    100         12.90         103942.79       YES         106917.03          10         3
    110         14.71         103942.79       YES         104089.23          10        13
    120         16.84         103942.79       YES         103942.79          10        23
    130         17.39         103942.79       YES         105158.01          10         3
    140         19.40         103942.79       YES         103942.79          10        13
    150         21.09         103942.79       YES         104828.14          10        23
    160         21.49         103942.79       YES         103942.79          10         3
    170         23.24         103942.79       YES         104089.23          10        13
    180         24.95         103942.79       YES         103942.79          10        23
    190         25.37         103942.79       YES         104828.14          10         3
    200         27.30         103942.79       YES         103942.79          10        13
    210         29.52         103942.79       YES         104952.71          10        23
    220         30.04         103942.79       YES         103942.79          10         3
    230         31.87         103942.79       YES         104869.88          10        13
    240         33.56         103942.79       YES         103942.79          10        23
    250         33.97         103942.79       YES         104506.19          10         3
    260         36.00         103942.79       YES         107442.36          10        13
    270         38.06         103942.79       YES         103942.79          10        23
    280         38.55         103942.79       YES         106733.17          10         3
    290         40.30         103942.79       YES         103942.79          10        13
    300         42.02         103942.79       YES         103942.79          10        23
    310         42.44         103942.79       YES         104869.88          10         3
    320         44.69         103942.79       YES         104506.19          10        13
    330         46.73         103942.79       YES         106292.30          10        23
    340         47.10         103942.79       YES         104828.14          10         3
    350         48.85         103942.79       YES         103942.79          10        13
    360         50.62         103942.79       YES         104089.23          10        23
    370         51.08         103942.79       YES         103942.79          10         3
    380         52.92         103942.79       YES         104828.14          10        13
    390         54.69         103942.79       YES         105454.38          10        23
    400         55.19         103942.79       YES         103942.79          10         3
    410         57.34         103942.79       YES         104828.14          10        13
    420         59.20         103942.79       YES         105158.01          10        23
    430         59.65         103942.79       YES         105575.12          10         3
