   iter       time(s)          bestCost  feasible      bestThisIter    feasAnts noImprove
---------------------------------------------------------------------------------------------
     10          0.46         218173.72       YES         218173.72          10         8
     20          2.13         216887.37       YES         216887.37          11         5
     30          3.85         216887.37       YES         216887.37          10        15
     40          4.29         216887.37       YES         216887.37          10        25
     50          6.20         216887.37       YES         216887.37          10         5
     60          7.99         215638.35       YES         216887.37          10         0
     70          8.32         214606.57       YES         214606.57          11         5
     80          9.95         214606.57       YES         214606.57          10        15
     90         11.56         213907.37       YES         214606.57          10         0
    100         11.78         213907.37       YES         213907.37          12        10
    110         13.46         213907.37       YES         216351.74          10        20
    120         15.20         213907.37       YES         215275.99           9        30
    130         15.53         213907.37       YES         214606.57          10        10
    140         17.02         213907.37       YES         216885.64          10        20
    150         18.51         213907.37       YES         213907.37          10        30
    160         18.81         213907.37       YES         220513.97          10        10
    170         20.46         213907.37       YES         213907.37          10        20
    180         22.22         213907.37       YES         217153.48           9        30
    190         22.57         213907.37       YES         217937.06          10        10
    200         24.16         213907.37       YES         213907.37          10        20
    210         25.63         213907.37       YES         213907.37          10        30
    220         25.92         213907.37       YES         214545.16          10        10
    230         27.37         213907.37       YES         213907.37           9        20
    240         29.15         213907.37       YES         213907.37          10        30
    250         29.54         213907.37       YES         215372.49          10        10
    260         31.36         213907.37       YES         215651.26          10        20
    270         32.84         213907.37       YES         213907.37          10        30
    280         33.13         213907.37       YES         216488.77          10        10
    290         34.64         213907.37       YES         213907.37          10        20
    300         36.25         213907.37       YES         213907.37          11        30
    310         36.66         213907.37       YES         217435.79          10        10
    320         38.45         213907.37       YES         213907.37          10        20
    330         40.07         213907.37       YES         215372.49          10        30
    340         40.39         213907.37       YES         216627.42          10        10
    350         41.85         213907.37       YES         213907.37          10        20
    360         43.35         213907.37       YES         215566.07          10        30
    370         43.71         213907.37       YES         215692.00          10        10
    380         45.48         213907.37       YES         214545.16          10        20
    390         47.24         213907.37       YES         213907.37          10        30
    400         47.59         213907.37       YES         215849.59          10        10
    410         49.00         213907.37       YES         213907.37          10        20
    420         50.46         213907.37       YES         213907.37          10        30
    430         50.77         213907.37       YES         213907.37          10        10
    440         52.42         213907.37       YES         215566.07          10        20
    450         54.20         213907.37       YES         213907.37          10        30
    460         54.57         213907.37       YES         214545.16          10        10
    470         56.18         213907.37       YES         213907.37          10        20
    480         57.67         213907.37       YES         213907.37          10        30
    490         58.00         213907.37       YES         216166.87          10        10
    500         59.52         213907.37       YES         213907.37          10        20
    510         61.25         213907.37       YES         213907.37          10        30
