29 34 46 55 83 115 120 123 128 149 
2 25 51 61 64 69 81 87 114 125 145 
1 28 67 92 93 105 108 130 142 148 
7 9 12 20 27 35 57 117 140 150 
5 30 52 96 101 107 121 135 147 
8 42 56 80 89 97 122 133 138 139 143 
16 19 22 49 53 70 88 106 118 134 137 
4 26 31 65 66 90 119 124 129 
45 47 58 60 62 77 86 91 98 110 
13 33 37 39 76 78 95 103 126 146 
40 44 50 54 68 73 82 85 116 144 
18 24 36 38 79 94 99 102 104 111 
6 10 21 63 72 75 84 109 113 131 
11 15 17 23 32 59 74 127 141 
3 14 41 43 48 71 100 112 132 136 
