   iter       time(s)          bestCost  feasible      bestThisIter    feasAnts noImprove
---------------------------------------------------------------------------------------------
     10          1.23          28874.22       YES          29754.92          10         7
     20          5.87          28155.23       YES          28155.23          10         5
     30          9.61          28123.04       YES          31507.02          10         0
     40         10.67          28123.04       YES          28580.60          10        10
     50         14.83          28123.04       YES          31874.60          10        20
     60         19.50          28123.04       YES          29858.03          10        30
     70         21.07          28123.04       YES          31724.48          10        10
     80         25.25          28123.04       YES          29633.57          10        20
     90         30.23          27936.45       YES          29405.84          10         0
    100         31.22          27936.45       YES          28866.86          10        10
    110         35.21          27936.45       YES          31305.94          10        20
    120         38.94          27523.58       YES          28217.16          10         9
    130         40.16          27523.58       YES          32204.43          10        19
    140         44.91          27523.58       YES          29880.24          10        29
    150         49.12          27523.58       YES          32438.94          10         9
    160         50.67          27523.58       YES          30099.79          10        19
    170         55.15          27523.58       YES          30094.42           9        29
    180         59.81          27523.58       YES          30912.44          10         9
