   iter       time(s)          bestCost  feasible      bestThisIter    feasAnts noImprove
---------------------------------------------------------------------------------------------
     10          0.67        5171273.18       YES        5168887.80           9         2
     20          7.41        5152281.60       YES        5152281.60          18         5
     30         14.24        5152281.60       YES        5152281.60          10        15
     40         14.91        5152281.60       YES        5230628.67          10        25
     50         22.12        5152281.60       YES        5310704.79          10         5
     60         29.36        5147721.20       YES        5152281.60          10         0
     70         29.95        5137643.77       YES        5137643.77          17         6
     80         36.92        5137643.77       YES        5147134.00          10        16
     90         43.80        5137643.77       YES        5137643.77          11        26
    100         44.83        5137643.77       YES        5185220.36          10         6
    110         51.93        5137643.77       YES        5137643.77          10        16
    120         58.84        5137643.77       YES        5137643.77          10        26
    130         59.67        5134650.82       YES        5134650.82          10         9
