2 9 19 20 28 29 70 99 102 114 
12 32 42 43 47 51 67 101 109 110 
27 31 41 49 57 117 129 140 144 147 
11 17 39 60 61 66 69 116 130 148 
14 23 38 72 77 80 111 122 131 133 
6 24 36 37 40 53 118 120 127 139 
3 22 62 88 94 113 125 149 
26 65 75 85 93 97 124 132 142 143 146 
1 5 7 34 82 84 95 98 100 103 107 
4 44 45 68 71 91 104 119 128 150 
13 64 74 106 112 115 123 136 145 
15 16 21 52 59 78 79 105 121 126 
18 50 55 58 81 83 86 108 135 137 
8 10 30 35 48 63 73 76 87 89 96 
25 33 46 54 56 90 92 134 138 141 
