   iter       time(s)          bestCost  feasible      bestThisIter    feasAnts noImprove
---------------------------------------------------------------------------------------------
     10          0.90          77861.31       YES          77861.31          12         0
     20          4.09          74348.15       YES          74348.15          11         0
     30          6.87          74198.98       YES          79151.41          10         0
     40          7.49          74198.98       YES          74198.98          10        10
     50         11.15          74198.98       YES          86731.10          10        20
     60         14.40          74198.98       YES          83057.04          10        30
     70         15.61          74198.98       YES          77727.17          10        10
     80         19.40          74198.98       YES          85469.21          10        20
     90         22.61          74198.98       YES          76933.15          10        30
    100         23.88          74198.98       YES          86968.14          10        10
    110         27.59          74198.98       YES          80771.62          10        20
    120         30.74          74198.98       YES          74876.13          10        30
    130         31.98          74198.98       YES          85417.26          10        10
    140         35.68          74198.98       YES          83393.18          10        20
    150         38.89          74198.98       YES          84854.57          10        30
    160         40.08          74198.98       YES          86671.13          10        10
    170         43.34          74198.98       YES          85821.20          10        20
    180         47.19          74198.98       YES          83402.66          10        30
    190         48.34          74198.98       YES          85990.66          10        10
    200         51.63          74198.98       YES          84330.90          10        20
    210         55.40          74198.98       YES          80088.79          10        30
    220         56.73          74198.98       YES          80750.57          10        10
