   iter       time(s)          bestCost  feasible      bestThisIter    feasAnts noImprove
---------------------------------------------------------------------------------------------
     10          0.88        1371129.95       YES        1371129.95          10         6
     20          6.93        1371129.95       YES        1371129.95          10        16
     30         12.88        1371129.95       YES        1371129.95          10        26
     40         14.02        1371129.95       YES        1420186.86          10         6
     50         20.23        1371129.95       YES        1390788.94          10        16
     60         26.00        1371129.95       YES        1371129.95          10        26
     70         27.16        1371129.95       YES        1431324.18          10         6
     80         33.13        1371129.95       YES        1371129.95          10        16
     90         39.21        1371129.95       YES        1395099.98          10        26
    100         40.10        1371129.95       YES        1378150.74          10         6
    110         46.43        1371129.95       YES        1378150.74          10        16
    120         52.24        1371129.95       YES        1371129.95          10        26
    130         53.37        1371129.95       YES        1408605.23          10         6
    140         59.34        1371129.95       YES        1371129.95          10        16
