   iter       time(s)          bestCost  feasible      bestThisIter    feasAnts noImprove
---------------------------------------------------------------------------------------------
     10          0.79          11398.57       YES          11456.83          10         4
     20          6.03          11191.83       YES          11191.83          12         2
     30         11.11          11191.83       YES          11191.83          10        12
     40         11.88          11191.83       YES          11191.83          10        22
     50         17.11          11191.83       YES          11238.33          10         2
     60         22.45          11191.83       YES          11306.04          10        12
     70         23.18          11191.83       YES          11291.13          10        22
     80         28.19          11191.83       YES          11286.47          10         2
     90         33.65          11191.83       YES          11364.69          10        12
    100         34.33          11191.83       YES          11238.33          10        22
    110         39.30          11191.83       YES          11191.83          10         2
    120         44.62          11191.83       YES          11270.24          10        12
    130         45.42          11191.83       YES          11216.71          10        22
    140         50.56          11191.83       YES          11191.83          10         2
    150         55.66          11191.83       YES          11216.71          10        12
    160         56.48          11191.83       YES          11276.03          10        22
