   iter       time(s)          bestCost  feasible      bestThisIter    feasAnts noImprove
---------------------------------------------------------------------------------------------
     10          0.26        1553615.17       YES        1553615.17          10         7
     20          4.17        1553615.17       YES        1553615.17          10        17
     30          7.78        1553615.17       YES        1553615.17          10        27
     40          8.10        1553615.17       YES        1553615.17          10         7
     50         12.06        1553615.17       YES        1553615.17          10        17
     60         15.66        1553615.17       YES        1553615.17          10        27
     70         15.92        1553615.17       YES        1553696.08          10         7
     80         19.79        1553615.17       YES        1553615.17          10        17
     90         23.49        1553615.17       YES        1553615.17          10        27
    100         23.76        1553615.17       YES        1553615.17          10         7
    110         27.64        1553615.17       YES        1553615.17          10        17
    120         31.28        1553615.17       YES        1553615.17          11        27
    130         31.61        1553615.17       YES        1553696.08          10         7
    140         35.03        1553615.17       YES        1553615.17          10        17
    150         38.67        1553615.17       YES        1553615.17          10        27
    160         39.14        1553615.17       YES        1553615.17          10         7
    170         43.46        1553615.17       YES        1553615.17          10        17
    180         47.11        1553615.17       YES        1553615.17          10        27
    190         47.44        1553615.17       YES        1554161.36          10         7
    200         51.15        1553615.17       YES        1553615.17          11        17
    210         54.86        1553615.17       YES        1553615.17          10        27
    220         55.17        1553615.17       YES        1553696.08          10         7
    230         58.82        1553615.17       YES        1553615.17          10        17
    240         62.64        1553615.17       YES        1553615.17          10        27
