28 58 67 93 105 108 130 142 
32 45 47 91 98 109 131 
16 19 22 53 70 88 94 134 
20 60 62 77 86 110 150 
10 18 36 79 84 106 137 
12 27 35 55 57 83 120 140 
4 26 65 66 90 124 129 
30 34 52 101 107 112 135 
13 37 76 78 95 103 126 146 
2 40 44 54 64 85 144 
14 41 46 48 71 100 132 136 
24 38 99 102 104 111 127 
7 9 51 61 87 117 125 145 
5 33 39 82 96 121 147 
3 29 43 115 123 128 149 
42 56 97 118 119 139 143 148 
25 50 68 69 73 81 114 116 
1 6 21 49 63 72 75 113 
11 15 17 23 59 74 141 
8 31 80 89 92 122 133 138 
