4 21 22 44 104 115 125 149 150 
27 31 64 74 112 123 136 145 
5 82 95 97 103 107 143 
13 45 68 71 91 106 119 128 
46 51 54 90 92 109 134 138 
19 70 99 102 108 114 
15 16 59 77 78 79 133 
26 33 52 93 105 111 126 146 
29 50 55 58 86 135 137 
1 30 34 48 63 73 76 87 98 
11 17 36 61 66 69 130 148 
7 8 35 84 89 96 124 
23 32 38 43 67 116 131 
3 10 62 88 94 113 121 
20 25 56 81 83 110 141 
39 41 57 60 101 117 129 140 
2 6 9 28 37 42 47 120 
14 49 72 80 122 144 147 
18 65 75 85 100 132 142 
12 24 40 53 118 127 139 
