   iter       time(s)          bestCost  feasible      bestThisIter    feasAnts noImprove
---------------------------------------------------------------------------------------------
     10          0.68        3507431.57       YES        3515887.49          10         7
     20          4.61        3507431.57       YES        3507431.57          18         6
     30          8.16        3507431.57       YES        3507431.57          10        16
     40          8.69        3507431.57       YES        3507431.57          10        26
     50         12.87        3507431.57       YES        3550853.65          10         6
     60         16.51        3507431.57       YES        3562762.90           8        16
     70         17.10        3507431.57       YES        3507431.57          10        26
     80         21.08        3507431.57       YES        3535930.59          10         6
     90         24.97        3507431.57       YES        3515556.77          10        16
    100         25.52        3507431.57       YES        3507431.57          10        26
    110         29.51        3507431.57       YES        3542996.52          10         6
    120         32.98        3507431.57       YES        3510808.50          10        16
    130         33.43        3507431.57       YES        3507431.57           9        26
    140         37.30        3507431.57       YES        3574659.02          10         6
    150         41.31        3488263.97       YES        3488263.97          11         8
    160         41.85        3488263.97       YES        3510544.81          10        18
    170         45.36        3488263.97       YES        3488263.97          10        28
    180         49.38        3488263.97       YES        3530148.04          10         8
    190         50.00        3488263.97       YES        3544629.46          10        18
    200         53.89        3488263.97       YES        3488263.97          10        28
    210         58.00        3488263.97       YES        3641579.31          10         8
    220         58.73        3488263.97       YES        3488263.97          10        18
