   iter       time(s)          bestCost  feasible      bestThisIter    feasAnts noImprove
---------------------------------------------------------------------------------------------
     10          0.72          93954.12       YES          93954.12          10         0
     20          3.76          93630.07       YES          93630.07          11         7
     30          7.33          93630.07       YES          93761.35          10        17
     40          7.83          93630.07       YES          94216.27          10        27
     50         11.03          93630.07       YES          94597.21          10         7
     60         14.87          93630.07       YES          93630.07          10        17
     70         15.52          93630.07       YES          94173.52          10        27
     80         18.89          93630.07       YES          93630.07          10         7
     90         22.67          93630.07       YES          94620.21          10        17
    100         23.30          93630.07       YES          93630.07          10        27
    110         27.17          93630.07       YES          94745.14          10         7
    120         30.37          93630.07       YES          93630.07          10        17
    130         30.84          93630.07       YES          93705.96          10        27
    140         34.66          93630.07       YES          94137.46          10         7
    150         37.98          93630.07       YES          93761.35          10        17
    160         38.53          93630.07       YES          93739.83          10        27
    170         42.45          93630.07       YES          93976.74          10         7
    180         45.77          93630.07       YES          93908.30          10        17
    190         46.40          93630.07       YES          93989.30          10        27
    200         50.02          93630.07       YES          94004.67          10         7
    210         53.50          93630.07       YES          95150.60          10        17
    220         54.05          93630.07       YES          93761.35          10        27
    230         57.71          93630.07       YES          94661.74          10         7
    240         61.15          93630.07       YES          93811.16          10        17
