   iter       time(s)          bestCost  feasible      bestThisIter    feasAnts noImprove
---------------------------------------------------------------------------------------------
     10          0.71         487934.26       YES         495124.06          10         6
     20          5.78         486123.32       YES         486459.33          10         6
     30         11.03         484538.86       YES         494688.94          10         0
     40         11.51         484369.33       YES         484369.33          10         6
     50         16.78         484369.33       YES         493979.62          10        16
     60         22.31         484369.33       YES         494223.15          10        26
     70         23.28         484369.33       YES         497121.15          10         6
     80         29.77         484369.33       YES         491459.12          10        16
     90         35.41         484369.33       YES         496428.68          10        26
    100         36.41         484369.33       YES         517423.17          10         6
    110         42.94         484369.33       YES         488075.30          10        16
    120         48.53         484369.33       YES         489626.62          10        26
    130         49.55         484369.33       YES         509289.01          10         6
    140         55.16         484369.33       YES         489626.62          10        16
    150         60.60         484369.33       YES         491259.46          10        26
