5 30 82 92 95 97 100 107 143 
1 7 8 10 34 73 76 87 98 103 
12 24 39 41 57 61 109 116 127 
4 13 68 91 104 112 119 128 145 150 
6 9 28 29 37 40 42 47 53 120 139 
23 27 31 49 72 122 129 144 147 
3 21 22 48 62 63 88 113 125 149 
50 55 65 70 99 102 108 132 135 137 
18 26 46 56 58 75 83 85 141 142 146 
15 16 59 77 78 79 80 105 111 121 133 
44 45 64 71 74 106 115 123 136 
11 17 36 60 66 69 117 130 140 148 
14 32 38 43 54 67 101 118 131 134 138 
33 35 52 84 89 93 94 96 124 126 
2 19 20 25 51 81 86 90 110 114 
