13 44 45 64 74 91 106 112 119 
1 7 30 34 48 63 73 76 87 98 103 
20 25 46 51 54 81 90 134 138 141 
2 6 9 19 28 37 42 47 120 139 
18 50 55 65 75 83 85 110 132 142 
5 8 82 84 89 95 97 100 107 143 
12 23 24 32 38 43 67 109 116 131 
27 31 49 72 123 129 136 144 145 147 
26 33 35 52 56 92 93 124 126 146 
11 36 40 53 61 69 118 127 148 
3 4 22 68 71 104 115 125 128 150 
29 58 70 86 99 102 108 114 135 137 
10 21 62 79 88 94 96 113 121 149 
17 39 41 57 60 66 101 117 130 140 
14 15 16 59 77 78 80 105 111 122 133 
