   iter       time(s)          bestCost  feasible      bestThisIter    feasAnts noImprove
---------------------------------------------------------------------------------------------
     10          1.06         127012.45       YES         127012.45          10         3
     20          8.36         125935.68       YES         125935.68          10         2
     30         15.40         125075.26       YES         126519.46          10         0
     40         16.24         125075.26       YES         125075.26          10        10
     50         23.87         124814.79       YES         124814.79          10         0
     60         31.35         124814.79       YES         124814.79          10        10
     70         32.22         124814.79       YES         126968.19          10        20
     80         39.70         124814.79       YES         125762.86          10        30
     90         47.46         124814.79       YES         126749.67          10        10
    100         48.61         124814.79       YES         127978.76          10        20
    110         55.91         124814.79       YES         126278.37          10        30
    120         63.99         124814.79       YES         126561.88          10        10
