   iter       time(s)          bestCost  feasible      bestThisIter    feasAnts noImprove
---------------------------------------------------------------------------------------------
     10          0.61         583522.81       YES         596454.07          10         8
     20          3.99         583522.81       YES         589496.13          10        18
     30          6.99         583522.81       YES         583522.81          10        28
     40          7.52         583522.81       YES         602156.38          10         8
     50         11.25         583275.94       YES         583522.81          10         2
     60         14.08         579196.89       YES         583275.94          13         0
     70         14.44         579196.89       YES         579196.89          11        10
     80         17.82         579196.89       YES         595644.59          10        20
     90         21.11         579196.89       YES         579196.89           9        30
    100         21.68         579196.89       YES         613810.23           9        10
    110         24.86         579196.89       YES         584538.84           9        20
    120         28.20         579196.89       YES         587086.81          10        30
    130         28.77         579196.89       YES         604768.99          10        10
    140         31.83         579196.89       YES         579196.89           9        20
    150         35.40         579196.89       YES         579196.89          10        30
    160         36.10         579196.89       YES         589843.93          10        10
    170         38.89         579196.89       YES         579196.89           9        20
    180         42.38         579196.89       YES         579196.89          11        30
    190         43.20         579196.89       YES         604663.79          10        10
    200         46.23         579196.89       YES         579196.89          11        20
    210         49.37         579196.89       YES         579196.89          11        30
    220         50.22         579196.89       YES         582945.09          10        10
    230         53.30         579196.89       YES         590550.71           8        20
    240         56.41         579196.89       YES         579196.89          11        30
    250         57.12         579196.89       YES         589919.13          10        10
