11 44 48 52 66 84 87 96 103 128 150 
70 76 91 94 95 111 121 123 129 131 139 
2 21 23 30 35 68 77 80 102 115 
33 36 57 74 81 97 100 136 144 
17 25 34 58 90 98 109 113 114 145 148 
12 18 29 37 46 49 93 116 143 
39 50 62 72 83 108 124 126 133 138 
6 8 22 47 54 75 104 106 112 134 149 
3 41 59 69 73 89 118 122 140 
1 13 15 27 40 53 85 107 130 
4 10 14 19 45 60 92 99 105 141 
9 16 51 63 78 82 120 127 135 146 
5 28 38 43 56 71 86 88 101 119 
7 24 26 32 61 117 125 132 137 142 
20 31 42 55 64 65 67 79 110 147 
