   iter       time(s)          bestCost  feasible      bestThisIter    feasAnts noImprove
---------------------------------------------------------------------------------------------
     10          1.53         155414.28       YES         166416.28          10         7
     20          6.19         146086.45       YES         146086.45          10         5
     30         10.46         144420.80       YES         160342.19          10         0
     40         11.54         144420.80       YES         147717.72          10        10
     50         16.62         144420.80       YES         164929.79          10        20
     60         22.02         144420.80       YES         160321.11          10        30
     70         23.62         144420.80       YES         241164.82          10        10
     80         28.51         144420.80       YES         175797.59          10        20
     90         33.86         144420.80       YES         179820.26          10        30
    100         35.76         144420.80       YES         163544.33          10        10
    110         41.07         144420.80       YES         157628.94          10        20
    120         46.33         144420.80       YES         149330.43          10        30
    130         47.98         144420.80       YES         167169.16          10        10
    140         52.92         144420.80       YES         148378.27          10        20
    150         58.16         144420.80       YES         157899.46          10        30
    160         60.01         144420.80       YES         164678.72          10        10
