44 57 65 66 67 68 87 88 104 111 
7 8 9 10 11 17 18 19 20 40 
41 42 58 59 60 61 62 63 64 83 105 
121 122 129 130 131 132 146 147 148 149 
4 5 13 14 26 27 28 29 30 38 
47 78 90 91 95 96 97 98 99 115 116 
1 2 3 15 16 31 32 33 34 35 36 37 
48 49 50 51 73 74 75 76 77 92 93 
45 46 52 53 54 69 70 71 72 79 114 
119 120 133 134 135 136 137 144 145 
94 123 124 125 126 127 128 150 151 152 
56 80 81 89 100 101 102 103 113 
107 110 117 118 138 139 140 141 142 143 
43 82 84 85 86 106 108 109 112 
6 12 21 22 23 24 25 39 55 
