   iter       time(s)          bestCost  feasible      bestThisIter    feasAnts noImprove
---------------------------------------------------------------------------------------------
     10          0.40         700526.05       YES         700526.05          12         3
     20          2.70         700526.05       YES         700526.05          12        13
     30          5.10         700526.05       YES         700526.05          10        23
     40          5.40         700526.05       YES         701991.74          10         3
     50          7.57         700526.05       YES         700526.05          10        13
     60          9.61         700526.05       YES         700526.05           9        23
     70          9.89         700526.05       YES         730899.76          10         3
     80         12.06         700526.05       YES         702863.49          10        13
     90         14.32         700526.05       YES         700526.05          10        23
    100         14.74         700526.05       YES         700526.05          10         3
    110         17.26         700526.05       YES         702863.49          10        13
    120         19.26         700526.05       YES         700526.05          10        23
    130         19.56         700526.05       YES         725062.19          10         3
    140         21.81         700526.05       YES         700526.05          10        13
    150         24.29         700526.05       YES         701163.14          10        23
    160         24.67         700526.05       YES         702863.49          10         3
    170         26.84         700526.05       YES         700526.05          10        13
    180         28.85         700526.05       YES         700526.05          10        23
    190         29.15         700526.05       YES         701163.14          10         3
    200         31.68         700526.05       YES         700526.05          10        13
    210         33.97         700526.05       YES         700526.05          10        23
    220         34.27         700526.05       YES         701991.74          10         3
    230         36.37         700526.05       YES         700526.05          10        13
    240         38.71         700526.05       YES         700526.05          10        23
    250         39.06         700526.05       YES         706254.01          10         3
    260         41.58         700526.05       YES         700526.05          10        13
    270         43.70         700526.05       YES         700526.05          10        23
    280         44.01         700526.05       YES         700526.05          10         3
    290         46.30         700526.05       YES         700526.05          10        13
    300         48.76         700526.05       YES         700526.05          10        23
    310         49.14         700526.05       YES         714422.20          10         3
    320         51.25         700526.05       YES         701163.14          10        13
    330         53.28         700526.05       YES         700526.05          10        23
    340         53.65         700526.05       YES         712345.45          10         3
    350         55.77         700526.05       YES         700526.05           9        13
    360         57.91         700526.05       YES         700526.05          11        23
    370         58.28         700526.05       YES         702863.49          10         3
