   iter       time(s)          bestCost  feasible      bestThisIter    feasAnts noImprove
---------------------------------------------------------------------------------------------
     10          0.52         232918.30       YES         232926.08          10         1
     20          3.30         232150.37       YES         232350.47          30         1
     30          5.90         232150.37       YES         232150.37          10        11
     40          6.44         232150.37       YES         249196.27          10        21
     50          9.32         232150.37       YES         272458.64          10         1
     60         12.20         232150.37       YES         234002.15          10        11
     70         12.79         232150.37       YES         242132.52          10        21
     80         15.18         231889.00       YES         231889.00          26         2
     90         17.78         231889.00       YES         231889.00          10        12
    100         18.45         231889.00       YES         234365.90          10        22
    110         21.29         231889.00       YES         258958.34          10         2
    120         24.14         231889.00       YES         254969.74          10        12
    130         24.65         231889.00       YES         235397.35          10        22
    140         26.91         231889.00       YES         249052.52          10         2
    150         29.56         231889.00       YES         269488.05          10        12
    160         30.12         231889.00       YES         239685.43          10        22
    170         32.67         231889.00       YES         246271.42          10         2
    180         35.04         231889.00       YES         242996.19          10        12
    190         35.58         231889.00       YES         256577.02          10        22
    200         38.31         231889.00       YES         242256.14          10         2
    210         40.90         231889.00       YES         263056.51          10        12
    220         41.45         231889.00       YES         237547.50          10        22
    230         43.83         231889.00       YES         239899.89          10         2
    240         46.64         231889.00       YES         246390.40          10        12
    250         47.25         231889.00       YES         239396.13          10        22
    260         49.63         231889.00       YES         240376.80          10         2
    270         52.15         231889.00       YES         244632.27          10        12
    280         52.82         231889.00       YES         257879.27          10        22
    290         55.67         231889.00       YES         252213.82          10         2
    300         58.54         231889.00       YES         267881.55          10        12
    310         59.21         231889.00       YES         251080.08          10        22
