   iter       time(s)          bestCost  feasible      bestThisIter    feasAnts noImprove
---------------------------------------------------------------------------------------------
     10          1.54         136614.45       YES         136614.45          10         0
     20         10.98         135668.62       YES         135668.62          10         5
     30         20.36         135668.62       YES         137821.90          10        15
     40         21.91         135668.62       YES         137782.21          10        25
     50         31.00         135668.62       YES         140772.32          10         5
     60         40.92         135668.62       YES         136056.18          10        15
     70         42.84         135668.62       YES         138136.42          10        25
     80         52.90         135668.62       YES         142110.54          10         5
     90         62.69         135668.62       YES         137241.82          10        15
