   iter       time(s)          bestCost  feasible      bestThisIter    feasAnts noImprove
---------------------------------------------------------------------------------------------
     10          2.30          88145.04       YES          92449.10          10         6
     20          7.13          83883.58       YES          84721.99          19         1
     30         12.21          82364.29       YES          87172.26          10         0
     40         13.26          82364.29       YES          88922.98           9        10
     50         18.77          81326.48       YES          81326.48           9         2
     60         23.34          81326.48       YES          86299.53          10        12
     70         25.93          81326.48       YES          87003.68          10        22
     80         30.91          81112.58       YES          81112.58          10         5
     90         35.97          81112.58       YES          89524.42          10        15
    100         38.53          81112.58       YES          91437.44          10        25
    110         44.12          81112.58       YES          89863.35          10         5
    120         50.67          81112.58       YES          87889.39          10        15
    130         52.81          81112.58       YES          92892.95          10        25
    140         58.98          81112.58       YES          96555.06          10         5
