   iter       time(s)          bestCost  feasible      bestThisIter    feasAnts noImprove
---------------------------------------------------------------------------------------------
     10          1.46         722258.14       YES         772732.83          10         7
     20          6.83         690188.78       YES         714958.48           9         2
     30         12.45         676824.12       YES         690188.78          33         0
     40         13.36         676824.12       YES         676824.12           9        10
     50         19.02         676824.12       YES         766712.10           9        20
     60         24.82         676824.12       YES         766153.90          10        30
     70         26.58         676824.12       YES         777851.66          10        10
     80         31.78         676824.12       YES         741024.95          10        20
     90         36.95         676824.12       YES         716265.34           9        30
    100         38.77         676824.12       YES         816747.45          10        10
    110         43.70         676824.12       YES         748665.63          10        20
    120         49.16         676824.12       YES         770785.30           9        30
    130         51.03         676824.12       YES         739541.72          10        10
    140         56.47         667938.96       YES         667938.96          18         1
    150         61.61         662850.62       YES         667408.97          10         2
