   iter       time(s)          bestCost  feasible      bestThisIter    feasAnts noImprove
---------------------------------------------------------------------------------------------
     10          0.39         737770.05       YES         737770.05          10         2
     20          2.15         737770.05       YES         737770.05          13        12
     30          3.83         736842.14       YES         736842.14          24         4
     40          4.11         735762.45       YES         735762.45          14         9
     50          6.00         732983.71       YES         732983.71          12         5
     60          8.02         729716.18       YES         729716.18          17         9
     70          8.24         729716.18       YES         729716.18          11        19
     80          9.98         729716.18       YES         729716.18          10        29
     90         11.68         729716.18       YES         729716.18          10         9
    100         11.91         729716.18       YES         729716.18          10        19
    110         13.62         729716.18       YES         729716.18          10        29
    120         15.73         729716.18       YES         729716.18          10         9
    130         15.97         729716.18       YES         729716.18          10        19
    140         17.73         729716.18       YES         729716.18          12        29
    150         19.45         729716.18       YES         738169.78          10         9
    160         19.68         729716.18       YES         729716.18          10        19
    170         21.35         729716.18       YES         729716.18          10        29
    180         23.46         729716.18       YES         734092.47          10         9
    190         23.71         729716.18       YES         729716.18          10        19
    200         25.54         729716.18       YES         729716.18          10        29
    210         27.21         729716.18       YES         729716.18          10         9
    220         27.40         729716.18       YES         729716.18          10        19
    230         28.99         729716.18       YES         729716.18          10        29
    240         31.06         729716.18       YES         729716.18          10         9
    250         31.32         729716.18       YES         729716.18          10        19
    260         33.22         729716.18       YES         729716.18          11        29
    270         34.88         729716.18       YES         737715.42          10         9
    280         35.09         729716.18       YES         729716.18          10        19
    290         36.71         729716.18       YES         729716.18          10        29
    300         38.40         729716.18       YES         729716.18          10         9
    310         38.64         729716.18       YES         729716.18          10        19
    320         40.26         729716.18       YES         729716.18           9        29
    330         42.21         729716.18       YES         732465.17          10         9
    340         42.48         729716.18       YES         729716.18          10        19
    350         44.44         729716.18       YES         729716.18          10        29
    360         46.26         729716.18       YES         734092.47          10         9
    370         46.49         729716.18       YES         729716.18          10        19
    380         48.07         729716.18       YES         729716.18          10        29
    390         49.99         729716.18       YES         729716.18          10         9
    400         50.22         729716.18       YES         729716.18          10        19
    410         52.28         729716.18       YES         729716.18          10        29
    420         54.10         729716.18       YES         729716.18          10         9
    430         54.30         729716.18       YES         729716.18          11        19
    440         55.94         729716.18       YES         729716.18          10        29
    450         57.78         729716.18       YES         737989.50          10         9
    460         58.05         729716.18       YES         729716.18          10        19
    470         60.02         729716.18       YES         733664.72          10        29
