   iter       time(s)          bestCost  feasible      bestThisIter    feasAnts noImprove
---------------------------------------------------------------------------------------------
     10          0.54        3219857.30       YES        3219857.30          10         2
     20          4.30        3219857.30       YES        3219857.30          14        12
     30          8.73        3219857.30       YES        3219857.30          10        22
     40          9.39        3219857.30       YES        3300658.52          10         2
     50         13.48        3219857.30       YES        3259777.80          10        12
     60         18.03        3219857.30       YES        3219857.30          10        22
     70         18.53        3219857.30       YES        3242685.56          10         2
     80         22.78        3219857.30       YES        3249401.98          10        12
     90         27.09        3219857.30       YES        3245649.45          10        22
    100         27.59        3219857.30       YES        3254778.02          10         2
    110         32.01        3219857.30       YES        3262679.84          10        12
    120         36.12        3219857.30       YES        3246988.25          10        22
    130         36.57        3219857.30       YES        3282751.66          10         2
    140         41.33        3219857.30       YES        3219857.30          10        12
    150         45.14        3219857.30       YES        3219857.30          11        22
    160         45.61        3219857.30       YES        3263580.71          10         2
    170         50.48        3219857.30       YES        3317884.11          10        12
    180         54.48        3219857.30       YES        3262430.95          10        22
    190         55.01        3219857.30       YES        3325509.69          10         2
    200         59.51        3219857.30       YES        3266063.23           9        12
    210         63.76        3219857.30       YES        3255594.84          10        22
