   iter       time(s)          bestCost  feasible      bestThisIter    feasAnts noImprove
---------------------------------------------------------------------------------------------
     10          1.65         326541.83       YES         333948.55          10         4
     20          6.77         313028.64       YES         313809.94          10         5
     30         12.51         312406.44       YES         350087.72          10         0
     40         13.53         312406.44       YES         331529.81          10        10
     50         19.18         309642.29       YES         309642.29          10         0
     60         24.55         308115.69       YES         310748.66           9         6
     70         26.20         308115.69       YES         333405.93          10        16
     80         31.78         307774.05       YES         307774.05          10         5
     90         37.21         307774.05       YES         319323.95          10        15
    100         39.09         307774.05       YES         364885.41          10        25
    110         45.16         307774.05       YES         345130.97          10         5
    120         51.44         307774.05       YES         338813.19          10        15
    130         53.12         307774.05       YES         350365.74          10        25
    140         59.35         307774.05       YES         347608.10          10         5
