   iter       time(s)          bestCost  feasible      bestThisIter    feasAnts noImprove
---------------------------------------------------------------------------------------------
     10          1.67         285737.08       YES         294957.15          10         4
     20          6.72         253344.96       YES         253344.96          10         1
     30         11.61         253344.96       YES         264055.59          10        11
     40         12.60         251744.03       YES         251744.03          10         7
     50         17.39         251744.03       YES         271778.82          10        17
     60         22.61         251744.03       YES         302424.00          10        27
     70         24.54         251744.03       YES         293763.46          10         7
     80         29.98         251744.03       YES         293080.31          10        17
     90         35.74         251744.03       YES         345259.01          10        27
    100         37.72         251744.03       YES         332640.64          10         7
    110         43.07         251744.03       YES         297432.58          10        17
    120         48.62         251744.03       YES         302035.58          10        27
    130         50.44         251744.03       YES         352596.24          10         7
    140         56.09         251744.03       YES         322178.68          10        17
    150         61.40         251744.03       YES         306004.89          10        27
