   iter       time(s)          bestCost  feasible      bestThisIter    feasAnts noImprove
---------------------------------------------------------------------------------------------
     10          0.26         673852.36       YES         674449.60          28         1
     20          1.63         673852.36       YES         673852.36          12        11
     30          2.88         673852.36       YES         673852.36          10        21
     40          3.02         673638.08       YES         673638.08          10         0
     50          4.25         670971.14       YES         672888.51          10         2
     60          5.38         669029.38       YES         669029.38          15         9
     70          5.47         669029.38       YES         669029.38          10        19
     80          6.66         669029.38       YES         669029.38          12        29
     90          8.06         669029.38       YES         669797.80          10         9
    100          8.21         669029.38       YES         669029.38          11        19
    110          9.52         669029.38       YES         669029.38          10        29
    120         10.79         669029.38       YES         669029.38          10         9
    130         10.90         669029.38       YES         669029.38          10        19
    140         11.99         669029.38       YES         669029.38          10        29
    150         13.15         669029.38       YES         669029.38          10         9
    160         13.26         669029.38       YES         669029.38          10        19
    170         14.35         669029.38       YES         669029.38          10        29
    180         15.76         669029.38       YES         669029.38          10         9
    190         15.89         669029.38       YES         669029.38          10        19
    200         17.22         669029.38       YES         669029.38          10        29
    210         18.59         669029.38       YES         669797.80          10         9
    220         18.70         669029.38       YES         669029.38          10        19
    230         19.77         669029.38       YES         669029.38          10        29
    240         20.92         669029.38       YES         669029.38          10         9
    250         21.03         669029.38       YES         669029.38          10        19
    260         22.14         669029.38       YES         669029.38          10        29
    270         23.56         669029.38       YES         669029.38          10         9
    280         23.69         669029.38       YES         669029.38          10        19
    290         25.02         669029.38       YES         669029.38          11        29
    300         26.38         669029.38       YES         669029.38          10         9
    310         26.48         669029.38       YES         669029.38          10        19
    320         27.53         669029.38       YES         669029.38          11        29
    330         28.69         669029.38       YES         669029.38          10         9
    340         28.83         669029.38       YES         669029.38          10        19
    350         29.90         669029.38       YES         669029.38          10        29
    360         31.07         669029.38       YES         669029.38          10         9
    370         31.18         669029.38       YES         669029.38          10        19
    380         32.26         669029.38       YES         669029.38          11        29
    390         33.45         669029.38       YES         669797.80          10         9
    400         33.56         669029.38       YES         669029.38          11        19
    410         34.70         669029.38       YES         669029.38          10        29
    420         36.13         669029.38       YES         669029.38          10         9
    430         36.26         669029.38       YES         669029.38          10        19
    440         37.62         669029.38       YES         669029.38          10        29
    450         39.08         669029.38       YES         669029.38          10         9
    460         39.21         669029.38       YES         669029.38          10        19
    470         40.58         669029.38       YES         669029.38          11        29
    480         41.97         669029.38       YES         669029.38          10         9
    490         42.13         669029.38       YES         669029.38          10        19
    500         43.22         669029.38       YES         669029.38          10        29
    510         44.40         669029.38       YES         669029.38          10         9
    520         44.52         669029.38       YES         669029.38          10        19
    530         45.63         669029.38       YES         669029.38          10        29
    540         46.84         669029.38       YES         669029.38          10         9
    550         46.97         669029.38       YES         669029.38          10        19
    560         48.29         669029.38       YES         669029.38          10        29
    570         49.65         669029.38       YES         669797.80          10         9
    580         49.77         669029.38       YES         669029.38          10        19
    590         50.95         669029.38       YES         669029.38          10        29
    600         52.05         669029.38       YES         669029.38          10         9
    610         52.17         669029.38       YES         669029.38          10        19
    620         53.25         669029.38       YES         669029.38          10        29
    630         54.44         669029.38       YES         669029.38          10         9
    640         54.57         669029.38       YES         669029.38          10        19
    650         55.91         669029.38       YES         669029.38          10        29
    660         57.27         669029.38       YES         669029.38          10         9
    670         57.42         669029.38       YES         669029.38          11        19
    680         58.67         669029.38       YES         669029.38          12        29
    690         59.86         669029.38       YES         669029.38          10         9
    700         60.01         669029.38       YES         669029.38          10        19
