   iter       time(s)          bestCost  feasible      bestThisIter    feasAnts noImprove
---------------------------------------------------------------------------------------------
     10          1.20         279022.58       YES         279022.58          10         0
     20          4.70         273746.51       YES         273746.51          10         7
     30          8.63         273746.51       YES         290409.63           9        17
     40          9.66         273746.51       YES         294164.51           9        27
     50         13.36         273211.04       YES         299406.21          10         5
     60         17.55         273211.04       YES         284287.38          10        15
     70         18.60         273211.04       YES         281217.50          10        25
     80         22.30         273211.04       YES         296042.39          10         5
     90         26.69         273211.04       YES         276833.21           7        15
    100         27.52         273211.04       YES         277327.79          10        25
    110         31.35         273211.04       YES         299089.37          10         5
    120         35.55         273211.04       YES         273211.04          10        15
    130         36.36         273211.04       YES         273211.04          10        25
    140         40.16         273211.04       YES         300575.96          10         5
    150         44.27         273211.04       YES         275801.96          10        15
    160         45.02         273211.04       YES         283289.69          10        25
    170         48.63         273211.04       YES         295703.93          10         5
    180         52.84         273211.04       YES         289863.81          10        15
    190         53.96         273211.04       YES         280452.14          10        25
    200         57.68         273211.04       YES         305720.89          10         5
    210         62.08         273211.04       YES         279499.36          10        15
