   iter       time(s)          bestCost  feasible      bestThisIter    feasAnts noImprove
---------------------------------------------------------------------------------------------
     10          0.35         663221.40       YES         657778.92           9         2
     20          2.01         663221.40       YES         663221.40          12        12
     30          3.96         663221.40       YES         664419.56          10        22
     40          4.29         663221.40       YES         668648.20          10         2
     50          6.22         663221.40       YES         663221.40          10        12
     60          7.79         663221.40       YES         663221.40          11        22
     70          8.07         663221.40       YES         667534.38          10         2
     80          9.75         663221.40       YES         663221.40          10        12
     90         11.64         663221.40       YES         665459.98          10        22
    100         12.00         663221.40       YES         672924.55          10         2
    110         14.02         663221.40       YES         663221.40          10        12
    120         15.58         663221.40       YES         663221.40          10        22
    130         15.83         663221.40       YES         663221.40          10         2
    140         17.47         663221.40       YES         663221.40          10        12
    150         19.32         663221.40       YES         665459.98          10        22
    160         19.65         663221.40       YES         665459.98          11         2
    170         21.69         663221.40       YES         663221.40          10        12
    180         23.33         663221.40       YES         663221.40          10        22
    190         23.59         663221.40       YES         664419.56          10         2
    200         25.24         663221.40       YES         663221.40          10        12
    210         26.98         663221.40       YES         663221.40          12        22
    220         27.32         663221.40       YES         663221.40          10         2
    230         29.33         663221.40       YES         663221.40          10        12
    240         31.02         663221.40       YES         663221.40          10        22
    250         31.33         663221.40       YES         665459.98          10         2
    260         33.16         663221.40       YES         663221.40          10        12
    270         34.82         663221.40       YES         663221.40          10        22
    280         35.19         663221.40       YES         668073.13          10         2
    290         37.17         663221.40       YES         663221.40          10        12
    300         38.87         663221.40       YES         663221.40          10        22
    310         39.15         663221.40       YES         663221.40          10         2
    320         40.74         663221.40       YES         663221.40          10        12
    330         42.37         663221.40       YES         663221.40          10        22
    340         42.73         663221.40       YES         674114.39          10         2
    350         44.75         663221.40       YES         663221.40          10        12
    360         46.57         663221.40       YES         665459.98          10        22
    370         46.84         663221.40       YES         663221.40          10         2
    380         48.46         663221.40       YES         669474.83          10        12
    390         50.00         663221.40       YES         663221.40          11        22
    400         50.35         663221.40       YES         665459.98          10         2
    410         52.34         663221.40       YES         663221.40          10        12
    420         54.29         663221.40       YES         663221.40          10        22
    430         54.54         663221.40       YES         665459.98          10         2
    440         56.19         663221.40       YES         663221.40          10        12
    450         57.78         663221.40       YES         663221.40          10        22
    460         58.07         663221.40       YES         670752.33          10         2
