   iter       time(s)          bestCost  feasible      bestThisIter    feasAnts noImprove
---------------------------------------------------------------------------------------------
     10          1.11         501478.63       YES         501478.63          10         4
     20          7.97         501478.63       YES         505840.99          10        14
     30         15.05         501478.63       YES         505840.99          10        24
     40         16.20         501478.63       YES         511045.57          10         4
     50         23.15         501478.63       YES         501478.63          10        14
     60         30.28         501446.67       YES         501446.67          10         7
     70         30.94         501446.67       YES         503588.25          10        17
     80         38.49         501446.67       YES         506249.36          10        27
     90         45.46         501446.67       YES         514111.75          10         7
    100         46.69         501446.67       YES         502218.26          10        17
    110         53.52         501446.67       YES         511317.64          10        27
    120         61.03         501446.67       YES         513687.73          10         7
