   iter       time(s)          bestCost  feasible      bestThisIter    feasAnts noImprove
---------------------------------------------------------------------------------------------
     10          1.31          99710.31       YES          99710.31           8         0
     20          6.05          93762.98       YES          93762.98          10         5
     30         10.34          92049.72       YES         102718.04          10         0
     40         11.10          91416.34       YES          91613.34          10         6
     50         15.76          91289.85       YES          91289.85          13         5
     60         19.94          91185.74       YES         101391.03          10         0
     70         21.04          91185.74       YES          96487.16           8        10
     80         26.20          91185.74       YES          96038.27          10        20
     90         30.47          90928.41       YES         103210.96           9         0
    100         31.26          90928.41       YES          92281.24          10        10
    110         35.97          90928.41       YES          98116.97          10        20
    120         40.10          90928.41       YES          98276.56          10        30
    130         41.89          90928.41       YES         103526.99          10        10
    140         46.27          90928.41       YES          98001.79          10        20
    150         50.40          90928.41       YES         101567.82          10        30
    160         52.03          90928.41       YES         104815.52          10        10
    170         56.83          90928.41       YES         106489.70          10        20
    180         61.28          90928.41       YES          99947.49          10        30
