86 92 93 95 96 97 98 99 100 101 102 103 104 105 106 107 
11 12 13 14 22 139 141 142 143 144 145 147 149 150 152 
90 91 94 108 109 110 111 112 115 116 117 118 119 120 121 122 
2 3 4 5 6 7 8 9 10 146 148 151 153 154 155 157 
31 33 34 35 36 37 38 39 42 123 131 133 135 136 137 138 140 
67 71 72 73 74 75 76 77 78 79 80 81 82 83 84 88 
51 53 54 56 57 58 59 60 61 62 63 64 65 66 68 69 70 
40 41 43 45 46 47 48 49 50 52 55 85 87 89 132 
1 44 113 114 124 125 126 127 128 129 130 134 156 158 159 
15 16 17 18 19 20 21 23 24 25 26 27 28 29 30 32 
