   iter       time(s)          bestCost  feasible      bestThisIter    feasAnts noImprove
---------------------------------------------------------------------------------------------
     10          0.74         922853.28       YES         922972.09          10         7
     20          5.55         921061.60       YES         921061.60          10         5
     30         10.26         921061.60       YES         922020.84          10        15
     40         11.07         921061.60       YES         926796.49          10        25
     50         15.94         921061.60       YES         935438.83          10         5
     60         20.80         921061.60       YES         921061.60          10        15
     70         21.46         921061.60       YES         926061.53          10        25
     80         26.36         921061.60       YES         937141.89          10         5
     90         31.34         921061.60       YES         921668.41          10        15
    100         32.00         921061.60       YES         922990.52          10        25
    110         36.79         921061.60       YES         926484.17          10         5
    120         41.61         921061.60       YES         921061.60          10        15
    130         42.22         921061.60       YES         926869.93          10        25
    140         47.21         921061.60       YES         928306.98          10         5
    150         52.05         921061.60       YES         930036.27          10        15
    160         52.78         921061.60       YES         922766.07          10        25
    170         57.64         921061.60       YES         926871.48          10         5
    180         62.53         921061.60       YES         924678.13          10        15
