   iter       time(s)          bestCost  feasible      bestThisIter    feasAnts noImprove
---------------------------------------------------------------------------------------------
     10          0.97        1660838.58       YES        1660838.58          10         0
     20          8.19        1640244.80       YES        1654734.43           9         1
     30         16.11        1631082.11       YES        1631082.11          13         5
     40         16.99        1631082.11       YES        1631082.11          11        15
     50         24.51        1631082.11       YES        1631082.11          10        25
     60         32.08        1625755.02       YES        1629071.60          16         0
     70         33.01        1625432.75       YES        1625432.75          13         8
     80         41.04        1625432.75       YES        1625432.75          10        18
     90         48.35        1625432.75       YES        1625432.75          10        28
    100         49.78        1625432.75       YES        1679810.99          10         8
    110         57.46        1625432.75       YES        1635269.89           9        18
    120         65.36        1625432.75       YES        1625432.75          10        28
