   iter       time(s)          bestCost  feasible      bestThisIter    feasAnts noImprove
---------------------------------------------------------------------------------------------
     10          1.02         768200.49       YES         768200.49          10         6
     20          6.71         737839.74       YES         737839.74          10         0
     30         12.22         722108.31       YES         726298.14          10         0
     40         13.57         722108.31       YES         722108.31          10        10
     50         19.11         722108.31       YES         758377.40          10        20
     60         25.22         722108.31       YES         754549.64          10        30
     70         26.55         722108.31       YES         764044.81          10        10
     80         32.52         722108.31       YES         757718.62          10        20
     90         38.55         722108.31       YES         722108.31          10        30
    100         39.80         722108.31       YES         752533.92          10        10
    110         45.44         722108.31       YES         741955.86          10        20
    120         51.41         722108.31       YES         761649.17          10        30
    130         52.89         722108.31       YES         759014.57          10        10
    140         58.62         722108.31       YES         744207.94          10        20
    150         64.66         722108.31       YES         762277.46          10        30
