   iter       time(s)          bestCost  feasible      bestThisIter    feasAnts noImprove
---------------------------------------------------------------------------------------------
     10          2.51           6882.94       YES           6882.94          10         0
     20         11.94           6727.98       YES           6956.05          10         5
     30         21.68           6596.37       YES           7298.70          10         0
     40         23.82           6596.37       YES           6648.40          10        10
     50         34.05           6596.37       YES           7116.25          10        20
     60         44.99           6596.37       YES           7216.28           9        30
     70         48.54           6596.37       YES           7498.20          10        10
     80         59.26           6596.37       YES           7720.92          10        20
