   iter       time(s)          bestCost  feasible      bestThisIter    feasAnts noImprove
---------------------------------------------------------------------------------------------
     10          0.66        5102673.59       YES        5102673.59          10         5
     20          6.43        5081992.73       YES        5102673.59          13         2
     30         12.27        5081992.73       YES        5081992.73          11        12
     40         13.10        5081992.73       YES        5108172.88          10        22
     50         18.64        5080333.73       YES        5080333.73          14         5
     60         24.35        5079730.51       YES        5079730.51          13         3
     70         24.96        5079730.51       YES        5079730.51          10        13
     80         30.88        5074290.23       YES        5074290.23          14         5
     90         36.50        5041199.92       YES        5074290.23          10         0
    100         36.95        5023289.16       YES        5023289.16          18         4
    110         42.20        5023289.16       YES        5023289.16          10        14
    120         47.86        5023289.16       YES        5023289.16          10        24
    130         48.47        5023289.16       YES        5057679.31          10         4
    140         54.55        5023289.16       YES        5023289.16          10        14
    150         60.25        5023289.16       YES        5109121.33          10        24
