2 6 9 19 28 50 70 81 86 99 102 108 114 135 138 
14 15 16 21 38 52 59 77 78 79 80 111 121 122 131 133 
4 44 45 64 68 71 91 104 106 115 119 125 128 150 
13 23 27 31 49 72 74 112 123 129 136 144 145 147 
1 5 7 8 30 34 82 84 87 89 95 96 98 100 103 107 
11 17 24 39 41 57 60 61 66 69 117 127 130 140 148 
3 10 22 35 48 62 63 73 76 88 94 113 126 149 
18 26 33 56 58 65 75 85 93 97 124 132 137 142 143 146 
12 32 36 37 40 42 43 47 53 67 101 116 118 120 139 
20 25 29 46 51 54 55 83 90 92 105 109 110 134 141 
