   iter       time(s)          bestCost  feasible      bestThisIter    feasAnts noImprove
---------------------------------------------------------------------------------------------
     10          1.69         928965.80       YES         957107.26           8         5
     20          8.46         917012.26       YES         917012.26          11         5
     30         15.01         911312.47       YES         911312.47          10         4
     40         16.26         911312.47       YES         948497.88          10        14
     50         23.66         911312.47       YES         951649.13          10        24
     60         31.07         900225.82       YES         956955.44          10         0
     70         32.69         900225.82       YES         910364.71          10        10
     80         40.01         900225.82       YES         948718.82          10        20
     90         47.52         900225.82       YES         932959.81          10        30
    100         49.69         900225.82       YES         955102.29          10        10
    110         57.22         900225.82       YES        1015156.11          10        20
    120         64.99         900225.82       YES         974143.98          10        30
