   iter       time(s)          bestCost  feasible      bestThisIter    feasAnts noImprove
---------------------------------------------------------------------------------------------
     10          0.97         162465.19       YES         162881.75          10         4
     20          7.13         156992.80       YES         156992.80          10         0
     30         12.38         155680.33       YES         155680.33          10         4
     40         13.48         155680.33       YES         162827.69          10        14
     50         19.43         155680.33       YES         165350.65          10        24
     60         25.76         155680.33       YES         157572.51          10         4
     70         27.14         155680.33       YES         162023.91          10        14
     80         32.91         155680.33       YES         161167.43          10        24
     90         38.67         155680.33       YES         165366.76          10         4
    100         40.48         155680.33       YES         159283.71          10        14
    110         46.66         155680.33       YES         160559.47          10        24
    120         53.17         155680.33       YES         160713.72          10         4
    130         54.62         155680.33       YES         160639.06          10        14
