   iter       time(s)          bestCost  feasible      bestThisIter    feasAnts noImprove
---------------------------------------------------------------------------------------------
     10          0.43         228644.59       YES         230124.34          10         4
     20          2.92         226229.45       YES         226229.45          13         5
     30          5.12         226229.45       YES         226229.45          10        15
     40          5.54         226229.45       YES         226229.45          10        25
     50          7.73         226229.45       YES         232603.41          10         5
     60          9.95         226229.45       YES         226229.45          10        15
     70         10.36         226229.45       YES         232752.81          10        25
     80         12.59         226229.45       YES         231028.60          10         5
     90         14.85         226229.45       YES         227534.58          10        15
    100         15.29         226229.45       YES         230204.79          10        25
    110         17.47         226229.45       YES         234939.61          10         5
    120         19.67         226229.45       YES         227534.58          10        15
    130         20.06         226229.45       YES         226506.70          10        25
    140         22.76         226229.45       YES         246281.82          10         5
    150         25.20         226229.45       YES         226229.45          10        15
    160         25.65         226229.45       YES         226229.45          10        25
    170         27.79         226229.45       YES         235236.44          10         5
    180         29.92         223807.97       YES         223807.97          10         7
    190         30.25         223807.97       YES         223807.97          10        17
    200         32.36         223807.97       YES         223807.97          10        27
    210         34.62         223807.97       YES         241074.54          10         7
    220         35.10         223807.97       YES         231735.88          10        17
    230         37.54         223807.97       YES         228163.12          10        27
    240         40.29         223807.97       YES         243389.28          10         7
    250         40.78         223807.97       YES         226534.20          10        17
    260         42.89         223807.97       YES         226534.20          10        27
    270         45.14         223807.97       YES         223807.97          10         7
    280         45.66         223807.97       YES         223807.97          10        17
    290         47.73         223807.97       YES         223807.97          10        27
    300         50.54         223807.97       YES         236473.34          10         7
    310         51.11         223807.97       YES         223807.97          10        17
    320         53.41         223807.97       YES         231913.43          10        27
    330         55.63         223807.97       YES         230473.94          10         7
    340         56.09         223807.97       YES         224763.06          10        17
    350         58.30         223807.97       YES         229517.30          10        27
    360         60.67         223807.97       YES         227597.69          10         7
