   iter       time(s)          bestCost  feasible      bestThisIter    feasAnts noImprove
---------------------------------------------------------------------------------------------
     10          0.87        3104116.31       YES        3104116.31          10         0
     20          8.16        3033913.27       YES        3033913.27          17         2
     30         15.41        3026012.25       YES        3026012.25          11         9
     40         16.09        3026012.25       YES        3057968.47          10        19
     50         23.42        3025668.13       YES        3025668.13          10         0
     60         30.45        3025668.13       YES        3025668.13          14         7
     70         31.18        3025668.13       YES        3075838.86          10        17
     80         38.43        3025668.13       YES        3126829.96          10        27
     90         45.91        3025668.13       YES        3099662.97          10         7
    100         46.74        3025668.13       YES        3054258.37          10        17
    110         54.18        3025668.13       YES        3053159.18          10        27
    120         61.85        3025668.13       YES        3141508.25          10         7
