   iter       time(s)          bestCost  feasible      bestThisIter    feasAnts noImprove
---------------------------------------------------------------------------------------------
     10          1.41        1139603.08       YES        1157362.20          10         7
     20          7.61        1091327.92       YES        1091327.92          11         0
     30         13.16        1084306.28       YES        1084306.28           9         9
     40         14.41        1084306.28       YES        1182358.32          10        19
     50         20.70        1084306.28       YES        1252933.52          10        29
     60         27.75        1084306.28       YES        1157744.51          10         9
     70         29.22        1084306.28       YES        1231112.02          10        19
     80         35.78        1084306.28       YES        1270828.14          10        29
     90         43.00        1084306.28       YES        1265962.47          10         9
    100         44.37        1084306.28       YES        1192110.56          10        19
    110         51.06        1084306.28       YES        1155206.86          10        29
    120         58.41        1084306.28       YES        1186324.22          10         9
    130         59.67        1084306.28       YES        1147268.63           9        19
