   iter       time(s)          bestCost  feasible      bestThisIter    feasAnts noImprove
---------------------------------------------------------------------------------------------
     10          0.53        4769643.81       YES        4780083.62           9         2
     20          4.71        4744090.45       YES        4744090.45          12         9
     30          8.90        4744090.45       YES        4744090.45          10        19
     40          9.42        4744090.45       YES        4744090.45          10        29
     50         13.79        4744090.45       YES        4797560.36          10         9
     60         18.01        4744090.45       YES        4766451.49          10        19
     70         18.51        4744090.45       YES        4744090.45          10        29
     80         22.76        4744090.45       YES        4880697.18          10         9
     90         26.84        4744090.45       YES        4795101.33          10        19
    100         27.42        4744090.45       YES        4744090.45          10        29
    110         31.66        4744090.45       YES        4838175.55          10         9
    120         35.82        4744090.45       YES        4783946.97          10        19
    130         36.37        4744090.45       YES        4744090.45          10        29
    140         40.69        4744090.45       YES        4804491.70          10         9
    150         44.75        4744090.45       YES        4744090.45          10        19
    160         45.28        4744090.45       YES        4744090.45          10        29
    170         49.53        4744090.45       YES        4776289.76          10         9
    180         53.74        4744090.45       YES        4744090.45          10        19
    190         54.26        4744090.45       YES        4777837.13          10        29
    200         58.49        4744090.45       YES        4838934.88          10         9
    210         62.67        4744090.45       YES        4744090.45          10        19
