8 17 25 34 58 71 88 90 98 108 109 113 114 124 145 148 
1 12 15 18 29 37 40 46 49 53 64 99 125 137 142 
13 20 27 30 31 67 79 80 85 104 107 110 115 130 147 
6 22 42 47 54 55 65 68 75 83 95 106 112 134 138 149 
7 9 24 26 32 51 61 63 78 82 117 120 132 135 
10 19 33 36 45 57 81 92 93 97 100 105 136 141 143 
2 23 35 62 70 76 91 102 111 121 122 129 131 133 139 
5 28 38 39 43 50 56 72 86 94 101 119 123 126 
11 16 44 48 52 66 84 87 96 103 127 128 144 146 150 
3 4 14 21 41 59 60 69 73 74 77 89 116 118 140 
