   iter       time(s)          bestCost  feasible      bestThisIter    feasAnts noImprove
---------------------------------------------------------------------------------------------
     10          0.49        4368704.52       YES        4368704.52          21         1
     20          5.38        4368704.52       YES        4368704.52          10        11
     30          9.69        4368704.52       YES        4381421.59          10        21
     40         10.30        4368704.52       YES        4663407.38          10         1
     50         15.28        4368704.52       YES        4395939.71          10        11
     60         20.01        4368704.52       YES        4368704.52          10        21
     70         20.53        4368704.52       YES        4603270.02          10         1
     80         25.18        4368704.52       YES        4391333.75          10        11
     90         30.27        4368704.52       YES        4368704.52          10        21
    100         30.72        4368704.52       YES        4467891.30          10         1
    110         35.61        4368704.52       YES        4368704.52          10        11
    120         40.22        4368704.52       YES        4368704.52          10        21
    130         40.68        4368704.52       YES        4445912.67          10         1
    140         45.80        4368704.52       YES        4368704.52          10        11
    150         50.19        4368704.52       YES        4368704.52          10        21
    160         50.84        4368704.52       YES        4487630.21          10         1
    170         55.87        4368704.52       YES        4368704.52           9        11
    180         60.89        4368704.52       YES        4368704.52          10        21
