   iter       time(s)          bestCost  feasible      bestThisIter    feasAnts noImprove
---------------------------------------------------------------------------------------------
     10          2.00         102939.86       YES         104876.79          10         2
     20          6.71          92720.53       YES          92720.53           8         0
     30         11.83          89966.10       YES          90373.29          10         0
     40         13.16          89874.67       YES          89874.67          15         3
     50         18.33          89262.64       YES          89262.64          10         5
     60         23.31          88865.68       YES          99806.04          10         0
     70         24.66          88865.68       YES          92039.55           9        10
     80         30.32          88865.68       YES         106190.98          10        20
     90         35.86          88865.68       YES         109449.06          10        30
    100         38.06          88865.68       YES         107640.33          10        10
    110         44.32          88865.68       YES         115011.17          10        20
    120         50.67          88865.68       YES         116800.47           9        30
    130         52.92          88865.68       YES         116582.67          10        10
    140         59.07          88865.68       YES         105430.22          10        20
