8 80 89 122 133 138 139 
20 60 62 77 98 110 150 
4 16 26 65 118 124 129 
11 23 32 45 47 91 109 131 
24 36 38 99 102 104 111 
29 34 43 46 112 115 123 132 
10 18 66 79 84 90 106 
25 51 61 69 81 87 108 125 
13 33 76 82 95 116 126 
3 14 41 48 71 100 128 136 
5 30 37 52 78 103 146 147 
22 53 70 88 94 134 137 
7 9 57 83 117 135 140 145 
39 50 68 85 96 101 107 121 
12 27 35 55 86 120 149 
31 42 56 75 92 97 119 143 
2 40 44 54 64 73 114 144 
15 17 21 59 72 74 127 141 
1 6 19 49 63 113 130 
28 58 67 93 105 142 148 
