   iter       time(s)          bestCost  feasible      bestThisIter    feasAnts noImprove
---------------------------------------------------------------------------------------------
     10          1.52         194836.82       YES         191601.83           9         0
     20         12.52         192339.70       YES         184361.99           8         0
     30         23.21         192234.68       YES         182788.59          20         1
     40         24.84         191373.79       YES         180242.26           8         2
     50         36.06         191373.79       YES         197434.59          10        12
     60         47.20         191373.79       YES         199281.42          10        22
     70         48.83         191373.79       YES         199739.45          10         2
     80         60.08         191373.79       YES         202010.18          10        12
