   iter       time(s)          bestCost  feasible      bestThisIter    feasAnts noImprove
---------------------------------------------------------------------------------------------
     10          0.83          93219.98       YES          97162.28          10         6
     20          3.65          92914.61       YES          92914.61          11         5
     30          6.59          92226.77       YES          96039.50          10         0
     40          7.16          91700.33       YES          91700.33          10         7
     50         10.44          91700.33       YES          96195.64          10        17
     60         13.44          91700.33       YES          95338.48          10        27
     70         14.75          91700.33       YES          96506.94          10         7
     80         18.35          91700.33       YES          94826.53          10        17
     90         21.34          91700.33       YES          92505.78          10        27
    100         22.43          91700.33       YES          99345.19          10         7
    110         26.02          91700.33       YES          93503.50          10        17
    120         29.03          91700.33       YES          93772.01          10        27
    130         30.09          91700.33       YES          94092.75          10         7
    140         33.90          91700.33       YES          97003.92          10        17
    150         36.93          91700.33       YES          95169.04          10        27
    160         37.98          91700.33       YES          97350.51          10         7
    170         41.70          91700.33       YES          94760.16          10        17
    180         44.59          91700.33       YES          97399.51          10        27
    190         45.54          91700.33       YES         104984.65          10         7
    200         49.32          91700.33       YES          95319.17          10        17
    210         52.34          91700.33       YES          93710.90          10        27
    220         53.25          91700.33       YES          96883.24          10         7
    230         57.08          91700.33       YES          97096.90          10        17
    240         60.09          91700.33       YES          94639.91          10        27
