   iter       time(s)          bestCost  feasible      bestThisIter    feasAnts noImprove
---------------------------------------------------------------------------------------------
     10          0.78        1626312.21       YES        1626312.21          10         0
     20          5.64        1619665.57       YES        1619665.57          11         5
     30          9.85        1618012.09       YES        1618012.09          10         7
     40         10.66        1618012.09       YES        1618012.09          10        17
     50         15.45        1618012.09       YES        1636084.32          10        27
     60         20.29        1618012.09       YES        1642322.57          10         7
     70         21.27        1618012.09       YES        1631070.15          10        17
     80         25.53        1618012.09       YES        1632504.82          10        27
     90         30.57        1618012.09       YES        1646868.55          10         7
    100         31.40        1618012.09       YES        1630606.46          10        17
    110         36.13        1618012.09       YES        1642757.18          10        27
    120         41.38        1618012.09       YES        1660222.71          10         7
    130         42.17        1618012.09       YES        1627172.35          10        17
    140         46.54        1618012.09       YES        1640343.87          10        27
    150         51.46        1618012.09       YES        1671027.14          10         7
    160         52.24        1618012.09       YES        1637231.15          10        17
    170         57.07        1618012.09       YES        1641200.32          10        27
    180         61.56        1618012.09       YES        1641309.31          10         7
