   iter       time(s)          bestCost  feasible      bestThisIter    feasAnts noImprove
---------------------------------------------------------------------------------------------
     10          1.44        1189877.61       YES        1283103.83           9         5
     20          7.08        1189877.61       YES        1211335.75          10        15
     30         12.38        1182706.83       YES        1334104.21          10         0
     40         13.32        1177303.66       YES        1177303.66          10         5
     50         18.68        1177303.66       YES        1209795.48          10        15
     60         24.67        1168296.66       YES        1242633.52           9         0
     70         25.59        1167099.69       YES        1167099.69          10         7
     80         31.49        1167099.69       YES        1192636.40          10        17
     90         37.08        1167099.69       YES        1217594.39          10        27
    100         38.63        1167099.69       YES        1376972.83          10         7
    110         44.37        1167099.69       YES        1194523.25          10        17
    120         50.25        1167099.69       YES        1245858.88          10        27
    130         51.67        1167099.69       YES        1293137.09          10         7
    140         58.02        1167099.69       YES        1220709.10          10        17
    150         63.43        1167099.69       YES        1233637.50          10        27
