89 91 96 97 119 121 136 138 144 
3 4 13 14 22 28 29 30 31 33 38 
58 65 68 81 82 88 101 102 103 104 
62 84 86 87 105 106 107 108 109 110 
41 42 59 60 61 63 64 83 85 111 112 
47 48 49 50 51 73 74 75 76 78 95 
43 44 45 55 56 57 66 67 79 100 113 
5 6 7 12 21 24 25 26 27 39 
122 129 130 131 132 133 134 145 146 147 149 
46 52 54 69 70 71 80 90 99 114 
123 124 125 126 127 128 148 150 151 152 
117 118 120 135 137 139 140 141 142 143 
53 72 77 92 93 94 98 115 116 
8 9 10 11 17 18 19 20 23 40 
1 2 15 16 32 34 35 36 37 
