14 21 59 77 78 79 80 122 133 
15 16 33 52 105 111 121 
5 7 82 95 97 100 107 143 
4 44 71 104 115 125 149 
20 25 46 51 54 109 134 138 
19 29 70 81 86 102 108 114 
27 31 49 72 129 144 147 
45 68 91 106 119 128 150 
18 55 75 83 132 135 137 142 
1 34 35 73 76 87 98 103 
17 39 41 57 60 66 117 130 
8 10 30 48 63 84 89 96 
13 64 74 112 123 136 145 
3 22 62 88 94 113 
26 56 65 85 93 124 126 146 
11 36 61 69 116 140 148 
6 9 28 37 40 47 99 
12 23 32 38 43 67 131 
2 50 58 90 92 110 141 
24 42 53 101 118 120 127 139 
