   iter       time(s)          bestCost  feasible      bestThisIter    feasAnts noImprove
---------------------------------------------------------------------------------------------
     10          0.45         104896.31       YES         106077.23          10         9
     20          2.46         104896.31       YES         106513.62          10        19
     30          4.72         104896.31       YES         104896.31          10        29
     40          5.27         104896.31       YES         107780.38          10         9
     50          6.98         104896.31       YES         104896.31          10        19
     60          8.79         104896.31       YES         104896.31          10        29
     70          9.29         104896.31       YES         105550.50          10         9
     80         11.43         104799.12       YES         104799.12          10         5
     90         13.54         104799.12       YES         105383.62          10        15
    100         13.93         104799.12       YES         105665.71          10        25
    110         15.70         104799.12       YES         108823.77          10         5
    120         17.50         104799.12       YES         106334.99          10        15
    130         17.88         104799.12       YES         105288.48          10        25
    140         19.65         104799.12       YES         104799.12          10         5
    150         21.48         104799.12       YES         104799.12          10        15
    160         21.99         104799.12       YES         105462.51          10        25
    170         24.22         104799.12       YES         105495.75          10         5
    180         26.22         104799.12       YES         105383.62          10        15
    190         26.57         104799.12       YES         105112.26          10        25
    200         28.35         104799.12       YES         107144.20          10         5
    210         30.19         104799.12       YES         106645.20          10        15
    220         30.60         104799.12       YES         104896.31          10        25
    230         32.33         104799.12       YES         105538.43          10         5
    240         34.35         104799.12       YES         106956.44          10        15
    250         34.83         104799.12       YES         104799.12          10        25
    260         37.01         104799.12       YES         108192.37          10         5
    270         38.86         104799.12       YES         105283.50          10        15
    280         39.25         104799.12       YES         104896.31          10        25
    290         41.01         104799.12       YES         105270.33          10         5
    300         43.15         104799.12       YES         105649.94          10        15
    310         43.61         104799.12       YES         108148.46          10        25
    320         45.70         104799.12       YES         105872.99          10         5
    330         47.54         104799.12       YES         104799.12          10        15
    340         47.97         104799.12       YES         105559.70          10        25
    350         49.72         104799.12       YES         105696.76          10         5
    360         51.54         104799.12       YES         104896.31          10        15
    370         51.96         104799.12       YES         105462.51          10        25
    380         53.89         104799.12       YES         107066.66          10         5
    390         56.10         104799.12       YES         104799.12          10        15
    400         56.57         104799.12       YES         105462.51          10        25
    410         58.43         104799.12       YES         106583.61          10         5
    420         60.24         104799.12       YES         105671.60          10        15
