   iter       time(s)          bestCost  feasible      bestThisIter    feasAnts noImprove
---------------------------------------------------------------------------------------------
     10          0.78          44558.30       YES          45416.23          10         1
     20          4.39          43285.32       YES          43285.32          12         5
     30          7.94          42449.44       YES          43605.58          10         0
     40          8.50          41702.79       YES          41702.79          12         4
     50         11.78          41615.76       YES          41615.76          11         5
     60         15.44          41615.76       YES          41615.76           9        15
     70         16.41          41615.76       YES          44230.04          10        25
     80         20.25          41615.76       YES          45932.35          10         5
     90         24.27          41615.76       YES          42073.61          10        15
    100         25.27          41615.76       YES          43206.91          10        25
    110         29.24          41615.76       YES          47445.19          10         5
    120         33.02          41615.76       YES          42112.70          10        15
    130         34.14          41615.76       YES          47729.56           9        25
    140         38.38          41615.76       YES          44746.89          10         5
    150         41.99          41615.76       YES          45445.83          10        15
    160         43.11          41615.76       YES          43400.75          10        25
    170         47.25          41615.76       YES          44407.52          10         5
    180         51.09          41615.76       YES          42676.07          10        15
    190         52.42          41615.76       YES          45721.46          10        25
    200         56.26          41615.76       YES          46743.31          10         5
    210         60.21          41615.76       YES          41615.76          10        15
