   iter       time(s)          bestCost  feasible      bestThisIter    feasAnts noImprove
---------------------------------------------------------------------------------------------
     10          0.15         667790.72       YES         667790.72          10         8
     20          1.49         667790.72       YES         667790.72          10        18
     30          2.64         667790.72       YES         667790.72          11        28
     40          2.79         667790.72       YES         667790.72          10         8
     50          3.95         667790.72       YES         667790.72          10        18
     60          5.04         667790.72       YES         667790.72          10        28
     70          5.20         667790.72       YES         667790.72          10         8
     80          6.46         667790.72       YES         667790.72          10        18
     90          7.77         667790.72       YES         667790.72          10        28
    100          7.95         667790.72       YES         667790.72          10         8
    110          9.28         667790.72       YES         667790.72          10        18
    120         10.47         667790.72       YES         667790.72          10        28
    130         10.65         664914.16       YES         664914.16          10         5
    140         11.78         664914.16       YES         664914.16          13        15
    150         12.94         664914.16       YES         664914.16          10        25
    160         13.09         664914.16       YES         664914.16          10         5
    170         14.28         664914.16       YES         664914.16          10        15
    180         15.63         664914.16       YES         664914.16          10        25
    190         15.82         664914.16       YES         664914.16          10         5
    200         17.18         664914.16       YES         664914.16          10        15
    210         18.44         664914.16       YES         664914.16          10        25
    220         18.58         664914.16       YES         664914.16          10         5
    230         19.75         664914.16       YES         664914.16          10        15
    240         20.93         664914.16       YES         664914.16          10        25
    250         21.12         664914.16       YES         664914.16          10         5
    260         22.36         664914.16       YES         664914.16          11        15
    270         23.74         664914.16       YES         664914.16          12        25
    280         23.93         664914.16       YES         666632.65          10         5
    290         25.36         664914.16       YES         664914.16          11        15
    300         26.55         664914.16       YES         664914.16          10        25
    310         26.70         664914.16       YES         664914.16          10         5
    320         27.87         664914.16       YES         664914.16          11        15
    330         29.06         664914.16       YES         664914.16          10        25
    340         29.23         664914.16       YES         668484.95          10         5
    350         30.50         664914.16       YES         664914.16          12        15
    360         31.87         664914.16       YES         664914.16          10        25
    370         32.08         664914.16       YES         667707.06          10         5
    380         33.51         664914.16       YES         664914.16          14        15
    390         34.71         664914.16       YES         664914.16          10        25
    400         34.88         664914.16       YES         664914.16          10         5
    410         36.04         664914.16       YES         664914.16          10        15
    420         37.22         664914.16       YES         664914.16          10        25
    430         37.38         664914.16       YES         664914.16          10         5
    440         38.72         664914.16       YES         664914.16          10        15
    450         40.08         664914.16       YES         664914.16          10        25
    460         40.25         664914.16       YES         664914.16          10         5
    470         41.61         664914.16       YES         664914.16          13        15
    480         42.79         664914.16       YES         664914.16          10        25
    490         42.94         664914.16       YES         664914.16          10         5
    500         44.08         664914.16       YES         664914.16          12        15
    510         45.22         664914.16       YES         664914.16          10        25
    520         45.38         664914.16       YES         664914.16          10         5
    530         46.73         664914.16       YES         664914.16          10        15
    540         48.07         664914.16       YES         664914.16          10        25
    550         48.27         664914.16       YES         664914.16          10         5
    560         49.66         664914.16       YES         664914.16          10        15
    570         50.80         664914.16       YES         664914.16          10        25
    580         50.93         664914.16       YES         664914.16          10         5
    590         52.11         664914.16       YES         664914.16          11        15
    600         53.29         664914.16       YES         664914.16          10        25
    610         53.46         664914.16       YES         664914.16          10         5
    620         54.75         664914.16       YES         664914.16          12        15
    630         56.14         664914.16       YES         664914.16          10        25
    640         56.30         664914.16       YES         664914.16          10         5
    650         57.67         664914.16       YES         664914.16          11        15
    660         58.82         664914.16       YES         664914.16          10        25
    670         58.99         664914.16       YES         664914.16          10         5
