6 31 54 65 75 80 104 115 134 149 
2 21 30 35 41 59 89 102 122 
8 22 42 62 68 108 112 113 114 138 
10 14 19 36 49 92 99 105 141 143 
7 9 24 26 32 78 82 117 120 132 142 
17 25 34 58 88 90 98 106 109 145 
1 12 15 27 40 46 53 85 125 137 
70 76 94 95 111 121 123 129 131 139 
28 38 39 56 71 101 119 124 126 148 
16 18 29 37 51 61 63 66 135 146 
11 33 45 48 57 74 81 100 136 144 
5 23 43 50 72 83 86 91 133 
13 20 47 55 64 67 79 107 110 130 147 
3 4 60 69 73 77 93 116 118 140 
44 52 84 87 96 97 103 127 128 150 
