   iter       time(s)          bestCost  feasible      bestThisIter    feasAnts noImprove
---------------------------------------------------------------------------------------------
     10          2.61         411301.49       YES         439441.74          10         7
     20         12.33         397405.01       YES         397405.01          10         4
     30         20.83         397405.01       YES         453218.24          10        14
     40         23.66         397405.01       YES         409367.54          10        24
     50         33.27         397405.01       YES         459272.60          10         4
     60         43.18         397405.01       YES         433528.13          10        14
     70         45.74         397405.01       YES         431097.20          10        24
     80         56.06         397405.01       YES         422239.66          10         4
     90         66.32         397405.01       YES         408907.11          10        14
