   iter       time(s)          bestCost  feasible      bestThisIter    feasAnts noImprove
---------------------------------------------------------------------------------------------
     10          1.77         114557.63       YES         114557.63          10         0
     20          7.29         104864.26       YES         111659.13          10         2
     30         12.34         102231.73       YES         104732.96          10         0
     40         14.03         102231.73       YES         110365.63          10        10
     50         19.22         101722.62       YES         101722.62          11         5
     60         24.48         100929.48       YES         100929.48          10         5
     70         26.03         100929.48       YES         111720.90          10        15
     80         31.75         100929.48       YES         113402.83          10        25
     90         37.87         100929.48       YES         130171.06          10         5
    100         40.40         100929.48       YES         118828.77          10        15
    110         46.47         100929.48       YES         113203.71          10        25
    120         52.81         100929.48       YES         126501.05          10         5
    130         55.07         100929.48       YES         114466.82          10        15
