   iter       time(s)          bestCost  feasible      bestThisIter    feasAnts noImprove
---------------------------------------------------------------------------------------------
     10          0.99         131029.45       YES         131029.45          10         0
     20          3.83         124064.78       YES         124064.78          20         2
     30          6.31         123052.08       YES         123052.08          10         5
     40          7.14         123052.08       YES         123987.54          10        15
     50         10.54         123052.08       YES         126366.52          10        25
     60         13.34         123052.08       YES         131067.55          10         5
     70         14.29         123052.08       YES         129899.76          10        15
     80         17.86         123052.08       YES         130257.82          10        25
     90         21.42         123052.08       YES         133549.08          10         5
    100         22.55         123052.08       YES         127611.73          10        15
    110         25.21         123052.08       YES         123052.08          10        25
    120         28.28         123052.08       YES         131610.83          10         5
    130         29.46         123052.08       YES         125813.99          10        15
    140         32.35         123052.08       YES         127462.14          10        25
    150         35.29         123052.08       YES         133669.25          10         5
    160         36.47         123052.08       YES         125000.24          10        15
    170         39.60         123052.08       YES         123052.08          10        25
    180         42.38         123052.08       YES         131956.35          10         5
    190         43.51         123052.08       YES         124885.19          10        15
    200         46.72         123052.08       YES         127191.51          10        25
    210         49.53         122973.74       YES         133284.48          10         0
    220         50.20         122973.74       YES         122973.74          10        10
    230         53.46         122973.74       YES         122973.74          10        20
    240         56.42         122973.74       YES         129047.34          10        30
    250         57.35         122973.74       YES         134766.66          10        10
