62 63 64 65 73 74 75 76 77 78 87 88 89 90 
33 34 35 36 37 45 46 47 48 49 50 60 61 
129 140 141 142 143 152 153 154 155 156 166 167 168 
96 99 108 110 111 112 121 122 123 124 125 126 136 
58 69 70 71 72 79 80 81 82 83 84 85 86 97 
5 6 7 8 10 18 19 20 21 22 31 32 
137 138 139 149 150 151 159 161 162 163 164 165 
9 11 12 13 23 24 25 26 38 39 51 52 
91 100 101 102 103 104 113 114 115 116 117 127 128 130 
170 171 172 173 174 175 183 184 185 186 187 188 189 
40 41 42 43 53 54 55 56 57 59 66 67 68 
169 176 177 178 179 180 181 182 190 191 192 193 194 195 
92 93 94 95 98 105 106 107 109 118 119 120 
131 132 133 134 135 144 145 146 147 148 157 158 160 
1 2 3 4 14 15 16 17 27 28 29 30 44 
