   iter       time(s)          bestCost  feasible      bestThisIter    feasAnts noImprove
---------------------------------------------------------------------------------------------
     10          0.47        1446759.17       YES        1446759.17          10         6
     20          4.68        1446759.17       YES        1446759.17          10        16
     30          9.51        1446759.17       YES        1446759.17          10        26
     40          9.87        1446759.17       YES        1446911.86          10         6
     50         14.19        1446759.17       YES        1446759.17          10        16
     60         18.90        1446759.17       YES        1446759.17          10        26
     70         19.35        1446759.17       YES        1456932.54          10         6
     80         24.13        1446759.17       YES        1446759.17          10        16
     90         28.56        1446759.17       YES        1446759.17          10        26
    100         29.02        1446759.17       YES        1457405.20          10         6
    110         33.96        1446759.17       YES        1446759.17          10        16
    120         38.20        1446759.17       YES        1453589.83          10        26
    130         38.75        1446759.17       YES        1446911.86          10         6
    140         43.42        1446759.17       YES        1446759.17          10        16
    150         47.94        1446759.17       YES        1446759.17          10        26
    160         48.45        1446759.17       YES        1446911.86          10         6
    170         52.80        1446759.17       YES        1446759.17          10        16
    180         57.72        1446759.17       YES        1446759.17          10        26
    190         58.16        1446759.17       YES        1457405.20          10         6
