   iter       time(s)          bestCost  feasible      bestThisIter    feasAnts noImprove
---------------------------------------------------------------------------------------------
     10          2.15          41308.29       YES          41308.29          10         1
     20         10.22          41016.02       YES          42156.67          10         8
     30         19.30          41016.02       YES          43180.67          10        18
     40         21.62          41016.02       YES          41584.41          10        28
     50         31.27          41016.02       YES          44918.26          10         8
     60         40.02          41016.02       YES          43171.36          10        18
     70         42.70          41016.02       YES          44042.00          10        28
     80         52.48          41016.02       YES          45933.34          10         8
     90         61.84          41016.02       YES          43931.40          10        18
