   iter       time(s)          bestCost  feasible      bestThisIter    feasAnts noImprove
---------------------------------------------------------------------------------------------
     10          0.38          34587.34       YES          34587.34           9         3
     20          3.63          34550.92       YES          34550.92          15         6
     30          6.32          34550.92       YES          34621.33          10        16
     40          6.62          34550.92       YES          34550.92          10        26
     50         10.10          34543.89       YES          34550.92          10         1
     60         12.94          34543.89       YES          34543.89          10        11
     70         13.17          34543.89       YES          34543.89          10        21
     80         16.25          34543.89       YES          34879.79          10         1
     90         19.58          34543.89       YES          34748.97          10        11
    100         19.87          34543.89       YES          34543.89          10        21
    110         22.65          34543.89       YES          34658.05          11         1
    120         25.55          34543.89       YES          34587.71          10        11
    130         25.82          34543.89       YES          34543.89          10        21
    140         29.09          34543.89       YES          34668.86          10         1
    150         32.30          34543.89       YES          34543.89          10        11
    160         32.53          34543.89       YES          34550.92          10        21
    170         35.33          34543.89       YES          35037.39          10         1
    180         38.23          34543.89       YES          34607.10          10        11
    190         38.51          34543.89       YES          34543.89          11        21
    200         42.03          34543.89       YES          34981.30          11         1
    210         45.02          34543.89       YES          34543.89          10        11
    220         45.25          34543.89       YES          34545.63          10        21
    230         48.28          34543.89       YES          34789.65          10         1
    240         51.70          34543.89       YES          34543.89          10        11
    250         51.98          34543.89       YES          34543.89          10        21
    260         54.81          34543.89       YES          34769.11          10         1
    270         58.31          34543.89       YES          34571.05          10        11
    280         58.70          34543.89       YES          34575.79          10        21
