   iter       time(s)          bestCost  feasible      bestThisIter    feasAnts noImprove
---------------------------------------------------------------------------------------------
     10          2.03         176173.80       YES         177429.46          10         1
     20          9.75         169624.82       YES         169624.82          10         5
     30         19.00         169624.82       YES         178234.44          10        15
     40         21.84         169624.82       YES         175547.43          10        25
     50         31.12         168720.04       YES         168720.04          10         5
     60         39.91         168720.04       YES         181233.35          10        15
     70         42.13         168720.04       YES         181536.62          10        25
     80         51.95         168720.04       YES         177857.01          10         5
     90         61.17         168720.04       YES         183105.15          10        15
