   iter       time(s)          bestCost  feasible      bestThisIter    feasAnts noImprove
---------------------------------------------------------------------------------------------
     10          1.39          22094.43       YES          23252.08          10         7
     20          7.74          21647.17       YES          21647.17          12         0
     30         13.66          21523.05       YES          21523.05          10         8
     40         14.80          21523.05       YES          21955.21          10        18
     50         20.69          21523.05       YES          22547.23          10        28
     60         27.66          21523.05       YES          23010.14          10         8
     70         29.24          21523.05       YES          22707.02          10        18
     80         35.25          21523.05       YES          22450.81          10        28
     90         42.21          21523.05       YES          23539.82          10         8
    100         43.57          21523.05       YES          22586.60          10        18
    110         50.21          21523.05       YES          22653.17          10        28
    120         56.90          21523.05       YES          23452.94          10         8
    130         58.72          21523.05       YES          21523.05          10        18
