   iter       time(s)          bestCost  feasible      bestThisIter    feasAnts noImprove
---------------------------------------------------------------------------------------------
     10          1.50         156409.67       YES         163181.04          10         9
     20          5.12         146307.94       YES         146307.94          24         1
     30          8.25         143542.65       YES         143542.65          12         3
     40          8.94         143542.65       YES         152282.15          10        13
     50         12.79         143542.65       YES         158237.27          10        23
     60         16.89         143542.65       YES         159199.32          10         3
     70         18.16         143542.65       YES         157678.32          10        13
     80         22.43         143542.65       YES         151572.66          10        23
     90         26.19         143542.65       YES         165093.45           9         3
    100         27.69         143542.65       YES         150618.91          10        13
    110         31.81         143542.65       YES         158002.70          10        23
    120         35.70         143542.65       YES         154791.27          10         3
    130         37.22         143542.65       YES         163697.70          10        13
    140         41.06         143542.65       YES         160256.53           9        23
    150         44.78         143542.65       YES         158708.95          10         3
    160         46.09         143542.65       YES         156161.37          10        13
    170         50.31         143542.65       YES         153829.16           9        23
    180         54.05         143542.65       YES         171057.76          10         3
    190         55.35         143542.65       YES         153987.81           9        13
    200         59.53         143542.65       YES         160794.17           9        23
