   iter       time(s)          bestCost  feasible      bestThisIter    feasAnts noImprove
---------------------------------------------------------------------------------------------
     10          2.62           4346.80       YES           4494.95          10         7
     20          9.88           4118.06       YES           4118.06          10         2
     30         16.65           4115.00       YES           4115.00          10         9
     40         19.20           4115.00       YES           4449.08          10        19
     50         27.15           4115.00       YES           4412.43          10        29
     60         35.13           4115.00       YES           4648.12          10         9
     70         37.38           4115.00       YES           4170.42          10        19
     80         44.74           4115.00       YES           4337.96          10        29
     90         52.69           4115.00       YES           4438.04          10         9
    100         54.84           4115.00       YES           4447.24          10        19
