   iter       time(s)          bestCost  feasible      bestThisIter    feasAnts noImprove
---------------------------------------------------------------------------------------------
     10          0.81          19903.42       YES          19907.67          10         7
     20          5.33          19659.59       YES          19659.59          13         3
     30          9.41          19620.85       YES          19810.74          10         0
     40         10.14          19620.85       YES          19620.85          10        10
     50         14.66          19620.85       YES          20168.35          10        20
     60         18.57          19620.85       YES          19856.54          10        30
     70         19.69          19620.85       YES          19917.61          10        10
     80         24.04          19620.85       YES          19941.51          10        20
     90         28.73          19620.85       YES          19805.14          10        30
    100         29.88          19620.85       YES          20133.05          10        10
    110         34.59          19620.85       YES          19941.86          10        20
    120         38.70          19620.85       YES          19934.35          10        30
    130         39.83          19620.85       YES          20024.70          10        10
    140         44.52          19620.85       YES          19999.77          10        20
    150         48.93          19620.85       YES          19844.65          10        30
    160         49.89          19620.85       YES          20052.13          10        10
    170         54.45          19620.85       YES          19834.22          10        20
    180         58.59          19620.85       YES          19882.20          10        30
    190         59.66          19620.85       YES          20222.54          10        10
