47 48 49 50 51 72 73 74 75 76 77 79 92 94 95 115 
53 78 91 93 96 97 98 116 121 131 133 145 146 
42 60 61 62 63 64 84 85 86 105 106 107 108 109 110 111 112 
7 8 9 10 11 17 18 19 22 40 41 56 59 66 
44 45 46 52 54 55 69 70 71 80 89 90 99 113 114 
1 2 3 15 16 28 29 30 31 32 33 34 35 36 37 
4 5 6 12 13 14 20 21 23 24 25 26 27 38 39 
43 57 58 65 67 68 81 82 83 87 88 100 101 102 103 104 
117 118 119 120 132 134 135 137 138 139 140 141 142 143 144 
122 123 124 125 126 127 128 129 130 136 147 148 149 150 151 152 
