2 66 96 103 108 139 147 148 179 215 227 257 265 299 354 358 360 367 371 385 
34 38 40 45 55 79 109 121 133 161 168 237 246 249 258 264 286 352 375 
43 78 81 94 172 177 198 208 235 277 292 294 302 322 324 325 333 351 364 374 
18 50 70 74 97 134 140 152 182 188 217 219 233 241 267 296 305 365 380 394 
23 35 48 100 101 113 123 124 130 142 191 206 251 253 276 311 320 350 362 396 
54 77 87 88 127 153 187 238 243 263 278 284 289 312 331 340 348 356 389 395 400 
13 17 19 24 26 42 89 98 117 129 164 240 268 288 298 306 317 328 384 
67 155 178 186 199 202 205 211 214 216 222 234 236 244 247 282 285 309 336 347 357 
11 32 59 60 62 110 122 132 158 209 224 245 254 293 307 327 329 344 345 363 
25 29 53 65 84 85 95 159 163 174 190 197 200 308 359 366 369 381 398 
10 14 16 31 52 125 141 146 189 212 223 228 242 260 262 266 269 280 353 373 377 
1 4 9 22 39 56 92 115 137 157 169 201 203 256 273 275 290 295 300 304 339 
8 44 83 91 128 145 149 175 180 181 192 193 204 210 229 239 319 335 338 399 
12 27 33 46 61 86 126 131 138 144 150 171 183 283 297 318 321 372 376 
63 99 104 105 111 112 143 170 194 218 220 231 248 291 303 310 334 355 370 
3 5 73 93 116 135 195 207 226 255 272 281 314 330 332 361 382 387 390 393 
41 51 71 90 102 114 156 162 165 185 225 232 252 259 261 287 313 315 343 349 383 392 
15 21 30 64 68 69 76 107 118 120 167 173 196 271 301 316 341 391 397 
6 7 36 47 49 58 72 119 136 151 154 160 184 213 230 279 323 342 346 379 
20 28 37 57 75 80 82 106 166 176 221 250 270 274 326 337 368 378 386 388 
