   iter       time(s)          bestCost  feasible      bestThisIter    feasAnts noImprove
---------------------------------------------------------------------------------------------
      1          2.85        2106539.29       YES        2106539.29          10         0
      2         19.73        1475389.73       YES        1724062.37          10         1
      3         21.66        1475389.73       YES        1586122.00          10         2
      4         33.84        1468143.73       YES        1481545.65          10         1
      5         35.74        1468143.73       YES        1475073.73          10         2
      6         47.23        1453383.01       YES        1501078.68          10         1
      7         49.21        1453383.01       YES        1505514.20          10         2
      8         61.46        1453383.01       YES        1488138.97          10         3
      9         63.82        1453383.01       YES        1511345.02          10         4
     10         75.67        1453383.01       YES        1519553.34          10         5
     11         77.57        1453383.01       YES        1559194.60          10         6
     12         91.66        1453383.01       YES        1552467.36          10         7
     13         93.12        1453383.01       YES        1732808.95          10         8
     14        105.30        1453383.01       YES        1711114.33          10         9
     15        106.74        1453383.01       YES        1854520.17          10        10
     16        119.56        1453383.01       YES        1915566.19          10        11
     17        121.12        1453383.01       YES        2090219.12          10        12
     18        134.56        1453383.01       YES        2120776.44          10        13
     19        135.89        1453383.01       YES        2204680.75          10        14
     20        151.63        1453383.01       YES        2383416.01          10        15
     21        153.32        1453383.01       YES        2316527.35          10        16
     22        166.15        1453383.01       YES        2369246.26          10        17
     23        167.36        1453383.01       YES        2551461.76          10        18
     24        181.53        1453383.01       YES        2630602.45          10        19
     25        182.90        1453383.01       YES        2707200.84          10        20
     26        195.49        1453383.01       YES        2742068.50          10        21
     27        196.68        1453383.01       YES        2643012.44          10        22
     28        209.78        1453383.01       YES        2711790.15          10        23
     29        210.82        1453383.01       YES        2689861.96          10        24
     30        221.18        1453383.01       YES        2709826.37          10        25
     31        222.21        1453383.01       YES        2542917.31          10        26
     32        233.01        1453383.01       YES        2539333.10          10        27
     33        234.08        1453383.01       YES        2668236.68          10        28
     34        244.65        1453383.01       YES        2730820.73          10        29
     35        245.58        1453383.01       YES        2608691.68          10        30
     36        256.35        1453383.01       YES        2060196.03          10         1
     37        258.32        1453383.01       YES        1467082.87          10         2
     38        269.65        1444434.42       YES        1502562.08          10         1
     39        271.30        1444434.42       YES        1496292.79          10         2
     40        282.83        1444434.42       YES        1496774.36          10         3
     41        285.01        1444434.42       YES        1504425.86          10         4
     42        297.94        1440117.66       YES        1488993.54          10         1
     43        299.74        1440117.66       YES        1478848.97          10         2
     44        311.50        1435967.46       YES        1498091.40          10         1
     45        313.64        1435967.46       YES        1479808.28          10         2
     46        326.40        1435967.46       YES        1485748.52          10         3
     47        328.71        1435967.46       YES        1509939.75          10         4
     48        340.13        1435967.46       YES        1514783.88          10         5
     49        342.27        1435967.46       YES        1500210.19          10         6
     50        354.47        1435967.46       YES        1594002.31          10         7
     51        355.82        1435967.46       YES        1676362.92          10         8
     52        366.44        1435967.46       YES        1673179.14          10         9
     53        367.70        1435967.46       YES        1793844.92          10        10
     54        378.05        1435967.46       YES        2048488.49          10        11
     55        379.32        1435967.46       YES        2034415.34          10        12
     56        389.82        1435967.46       YES        2104645.33          10        13
     57        390.89        1435967.46       YES        2152507.34          10        14
     58        401.86        1435967.46       YES        2201311.32          10        15
     59        402.89        1435967.46       YES        2316981.03          10        16
     60        414.65        1435967.46       YES        2567703.97          10        17
     61        415.63        1435967.46       YES        2596232.89          10        18
     62        425.91        1435967.46       YES        2653022.16          10        19
     63        426.91        1435967.46       YES        2649326.95          10        20
     64        436.75        1435967.46       YES        2778749.92          10        21
     65        437.72        1435967.46       YES        2656867.76          10        22
     66        449.31        1435967.46       YES        2692472.14          10        23
     67        450.42        1435967.46       YES        2611083.19          10        24
     68        461.88        1435967.46       YES        2453040.83          10        25
     69        462.83        1435967.46       YES        2672781.42          10        26
     70        473.55        1435967.46       YES        2615223.69          10        27
     71        474.60        1435967.46       YES        2569609.64          10        28
     72        486.29        1435967.46       YES        2587411.66          10        29
     73        487.33        1435967.46       YES        2764581.68          10        30
     74        499.11        1435967.46       YES        2083170.58          10         1
     75        500.93        1435967.46       YES        1487879.17          10         2
     76        512.52        1435967.46       YES        1495357.12          10         3
     77        514.75        1435967.46       YES        1477193.28          10         4
     78        526.45        1435967.46       YES        1498014.88          10         5
     79        528.29        1435967.46       YES        1575459.81          10         6
     80        539.84        1435967.46       YES        1538866.49          10         7
     81        541.34        1435967.46       YES        1659966.49          10         8
     82        552.27        1435967.46       YES        1764873.12          10         9
     83        553.65        1435967.46       YES        1873171.65          10        10
     84        564.65        1425944.40       YES        1832764.96          10         1
     85        566.26        1425944.40       YES        1469767.11          10         2
     86        578.46        1425944.40       YES        1475972.38          10         3
     87        580.41        1425944.40       YES        1493012.81          10         4
     88        591.99        1425944.40       YES        1530652.46          10         5
     89        593.72        1425944.40       YES        1563395.25          10         6
     90        605.13        1425944.40       YES        1553426.61          10         7
     91        606.51        1425944.40       YES        1592554.34          10         8
     92        617.23        1425944.40       YES        1729082.23          10         9
     93        618.62        1425944.40       YES        1896879.77          10        10
     94        629.36        1425944.40       YES        1813072.23          10        11
     95        630.57        1425944.40       YES        2098739.34          10        12
     96        640.90        1425944.40       YES        2039582.79          10        13
     97        642.08        1425944.40       YES        2176968.56          10        14
     98        652.55        1425944.40       YES        2337562.35          10        15
     99        653.96        1425944.40       YES        2322807.26          10        16
    100        664.53        1425944.40       YES        2282946.05          10        17
    101        665.61        1425944.40       YES        2586329.05          10        18
    102        675.86        1425944.40       YES        2619390.76          10        19
    103        676.85        1425944.40       YES        2601035.23          10        20
    104        687.27        1425944.40       YES        2721660.11          10        21
    105        688.31        1425944.40       YES        2549053.24          10        22
    106        700.62        1425944.40       YES        2662509.70          10        23
    107        701.91        1425944.40       YES        2637733.95          10        24
    108        716.19        1425944.40       YES        2709985.99          10        25
    109        717.38        1425944.40       YES        2679295.21          10        26
    110        730.05        1425944.40       YES        2655221.89          10        27
    111        731.48        1425944.40       YES        2612612.25          10        28
    112        744.12        1425944.40       YES        2599670.84          10        29
    113        745.29        1425944.40       YES        2636404.73          10        30
    114        760.87        1425944.40       YES        2158684.48          10         1
    115        763.81        1425944.40       YES        1476495.06          10         2
    116        777.09        1425944.40       YES        1489241.53          10         3
    117        779.31        1425944.40       YES        1477301.24          10         4
    118        791.86        1425944.40       YES        1561888.87          10         5
    119        793.67        1425944.40       YES        1554490.32          10         6
    120        805.74        1425944.40       YES        1551556.75          10         7
    121        807.25        1425944.40       YES        1707383.10          10         8
    122        818.66        1425944.40       YES        1743587.41          10         9
    123        820.32        1425944.40       YES        1827798.37          10        10
    124        836.23        1425944.40       YES        1808069.88          10        11
    125        837.62        1425944.40       YES        1891419.45          10        12
    126        849.33        1425944.40       YES        2229342.47          10        13
    127        850.55        1425944.40       YES        2187473.03          10        14
    128        862.30        1425944.40       YES        2218592.97          10        15
    129        863.44        1425944.40       YES        2324082.92          10        16
    130        877.67        1425944.40       YES        2335217.21          10        17
    131        878.87        1425944.40       YES        2503648.59          10        18
    132        893.69        1425944.40       YES        2627719.63          10        19
    133        894.93        1425944.40       YES        2728628.52          10        20
    134        908.12        1425944.40       YES        2651715.32          10        21
    135        909.35        1425944.40       YES        2645821.91          10        22
    136        921.35        1425944.40       YES        2752333.95          10        23
    137        922.43        1425944.40       YES        2527419.04          10        24
    138        933.37        1425944.40       YES        2587894.86          10        25
    139        934.49        1425944.40       YES        2541825.39          10        26
    140        946.41        1425944.40       YES        2806887.71          10        27
    141        947.65        1425944.40       YES        2689410.01          10        28
    142        958.96        1425944.40       YES        2574768.35          10        29
    143        959.99        1425944.40       YES        2653898.75          10        30
    144        972.35        1425944.40       YES        2055694.13          10         1
    145        974.02        1425944.40       YES        1480181.25          10         2
    146        986.25        1425944.40       YES        1492536.21          10         3
    147        988.12        1425944.40       YES        1478827.72          10         4
    148       1002.19        1425944.40       YES        1525077.84          10         5
    149       1003.91        1425944.40       YES        1619849.89          10         6
    150       1018.26        1425944.40       YES        1645193.91          10         7
    151       1020.27        1425944.40       YES        1638032.68          10         8
    152       1034.14        1425944.40       YES        1710285.64          10         9
    153       1035.73        1425944.40       YES        1810640.64          10        10
    154       1049.83        1425944.40       YES        1927958.01          10        11
    155       1051.34        1425944.40       YES        2074454.15          10        12
    156       1067.14        1425944.40       YES        2032347.60          10        13
    157       1068.74        1425944.40       YES        2167144.21          10        14
    158       1080.85        1425944.40       YES        2210712.09          10        15
    159       1082.05        1425944.40       YES        2420787.80          10        16
    160       1093.33        1425944.40       YES        2450450.21          10        17
    161       1094.44        1425944.40       YES        2519758.94          10        18
    162       1105.93        1425944.40       YES        2707777.51          10        19
    163       1107.12        1425944.40       YES        2475941.54          10        20
    164       1118.35        1425944.40       YES        2742704.66          10        21
    165       1119.40        1425944.40       YES        2616818.49          10        22
    166       1130.46        1425944.40       YES        2717435.14          10        23
    167       1131.63        1425944.40       YES        2591616.72          10        24
    168       1143.55        1425944.40       YES        2645707.01          10        25
    169       1144.61        1425944.40       YES        2610209.39          10        26
    170       1156.53        1425944.40       YES        2628330.48          10        27
    171       1157.70        1425944.40       YES        2645700.74          10        28
    172       1169.07        1425944.40       YES        2744263.39          10        29
    173       1170.36        1425944.40       YES        2681392.48          10        30
    174       1183.26        1425944.40       YES        2124436.12          10         1
    175       1186.37        1425944.40       YES        1475742.78          10         2
    176       1200.90        1425944.40       YES        1477642.13          10         3
    177       1203.36        1425944.40       YES        1484397.09          10         4
    178       1215.92        1425944.40       YES        1518857.18          10         5
    179       1217.69        1425944.40       YES        1618690.39          10         6
    180       1231.02        1425944.40       YES        1695408.35          10         7
    181       1232.98        1425944.40       YES        1576992.41          10         8
    182       1245.48        1425944.40       YES        1717787.31          10         9
    183       1247.22        1425944.40       YES        1823383.59          10        10
    184       1261.80        1425944.40       YES        1912809.95          10        11
    185       1263.46        1425944.40       YES        2041279.86          10        12
    186       1276.49        1425944.40       YES        2101913.33          10        13
    187       1277.90        1425944.40       YES        2074212.13          10        14
    188       1293.58        1425944.40       YES        2191972.82          10        15
    189       1294.90        1425944.40       YES        2301864.11          10        16
    190       1306.78        1425944.40       YES        2399534.11          10        17
    191       1307.96        1425944.40       YES        2503418.60          10        18
    192       1320.15        1425944.40       YES        2647372.28          10        19
    193       1321.35        1425944.40       YES        2724168.45          10        20
    194       1333.60        1425944.40       YES        2503107.55          10        21
    195       1334.65        1425944.40       YES        2592979.37          10        22
    196       1348.48        1425944.40       YES        2495726.07          10        23
    197       1349.98        1425944.40       YES        2612469.50          10        24
    198       1362.93        1425944.40       YES        2735530.99          10        25
    199       1364.01        1425944.40       YES        2702535.15          10        26
    200       1375.76        1425944.40       YES        2629732.87          10        27
    201       1376.93        1425944.40       YES        2548564.99          10        28
    202       1388.29        1425944.40       YES        2656190.64          10        29
    203       1389.43        1425944.40       YES        2559263.42          10        30
    204       1401.33        1425944.40       YES        2069998.17          10         1
    205       1403.70        1425944.40       YES        1480569.73          10         2
    206       1416.35        1425944.40       YES        1492162.82          10         3
    207       1418.56        1425944.40       YES        1498602.56          10         4
    208       1429.85        1425944.40       YES        1519732.82          10         5
    209       1431.49        1425944.40       YES        1577991.05          10         6
    210       1441.56        1425944.40       YES        1654583.90          10         7
    211       1442.96        1425944.40       YES        1673556.99          10         8
    212       1453.00        1425944.40       YES        1813659.37          10         9
    213       1454.30        1425944.40       YES        1791351.70          10        10
    214       1464.30        1425944.40       YES        1894957.37          10        11
    215       1465.52        1425944.40       YES        2032091.19          10        12
    216       1475.30        1425944.40       YES        2127307.83          10        13
    217       1476.48        1425944.40       YES        2154496.93          10        14
    218       1486.15        1425944.40       YES        2253550.17          10        15
    219       1487.24        1425944.40       YES        2380485.42          10        16
    220       1496.83        1425944.40       YES        2244868.63          10        17
    221       1497.75        1425944.40       YES        2559980.30          10        18
    222       1507.48        1425944.40       YES        2661694.13          10        19
