   iter       time(s)          bestCost  feasible      bestThisIter    feasAnts noImprove
---------------------------------------------------------------------------------------------
     10          2.00         174888.43       YES         188360.14          10         5
     20         11.09         172264.23       YES         173234.79          26         1
     30         20.07         172264.23       YES         178748.08          10        11
     40         22.75         172264.23       YES         183268.03          10        21
     50         31.89         171696.48       YES         171696.48          10         5
     60         40.94         171696.48       YES         183334.29          10        15
     70         43.69         171696.48       YES         179890.72          10        25
     80         53.96         171696.48       YES         187407.27          10         5
     90         64.12         171696.48       YES         182121.97          10        15
