   iter       time(s)          bestCost  feasible      bestThisIter    feasAnts noImprove
---------------------------------------------------------------------------------------------
     10          0.14         663126.41       YES         663126.41          10         8
     20          1.31         663126.41       YES         663126.41          10        18
     30          2.55         663126.41       YES         663126.41          10        28
     40          2.67         663126.41       YES         663126.41          10         8
     50          3.67         663126.41       YES         663126.41          12        18
     60          4.64         663126.41       YES         663126.41          11        28
     70          4.75         663126.41       YES         663126.41          10         8
     80          5.73         663126.41       YES         663126.41          10        18
     90          6.86         663126.41       YES         663126.41          10        28
    100          7.00         663126.41       YES         663126.41          10         8
    110          8.23         663126.41       YES         663126.41          11        18
    120          9.43         663126.41       YES         663126.41          10        28
    130          9.58         663126.41       YES         663126.41          10         8
    140         10.66         663126.41       YES         663126.41          11        18
    150         11.61         663126.41       YES         663126.41          10        28
    160         11.72         663126.41       YES         663126.41          10         8
    170         12.75         663126.41       YES         663126.41          10        18
    180         13.77         663126.41       YES         663126.41          10        28
    190         13.89         663126.41       YES         663126.41          10         8
    200         14.90         663126.41       YES         663126.41          10        18
    210         15.89         663126.41       YES         663126.41          11        28
    220         16.00         663126.41       YES         663126.41          10         8
    230         16.98         663126.41       YES         663126.41          11        18
    240         18.00         663126.41       YES         663126.41          12        28
    250         18.11         663126.41       YES         663126.41          10         8
    260         19.12         663126.41       YES         663126.41          10        18
    270         20.12         663126.41       YES         663126.41          10        28
    280         20.22         663126.41       YES         663126.41          10         8
    290         21.24         663126.41       YES         663126.41          10        18
    300         22.24         663126.41       YES         663126.41          12        28
    310         22.38         663126.41       YES         663126.41          10         8
    320         23.61         663126.41       YES         663126.41          11        18
    330         24.78         663126.41       YES         663126.41          11        28
    340         24.92         663126.41       YES         663126.41          10         8
    350         26.14         663126.41       YES         663126.41          11        18
    360         27.17         663126.41       YES         663126.41          10        28
    370         27.29         663126.41       YES         663126.41          10         8
    380         28.36         663126.41       YES         663126.41          10        18
    390         29.41         663126.41       YES         663126.41          10        28
    400         29.53         663126.41       YES         663126.41          10         8
    410         30.69         663126.41       YES         663126.41          12        18
    420         31.92         663126.41       YES         663126.41          12        28
    430         32.06         663126.41       YES         663126.41          10         8
    440         33.33         663126.41       YES         663126.41          12        18
    450         34.47         663126.41       YES         663126.41          11        28
    460         34.59         663126.41       YES         663126.41          10         8
    470         35.60         663126.41       YES         663126.41          10        18
    480         36.55         663126.41       YES         663126.41          10        28
    490         36.65         663126.41       YES         663126.41          10         8
    500         37.65         663126.41       YES         663126.41          13        18
    510         38.75         663126.41       YES         663126.41          12        28
    520         38.89         663126.41       YES         663126.41          10         8
    530         40.15         663126.41       YES         663126.41          10        18
    540         41.38         663126.41       YES         663126.41          10        28
    550         41.52         663126.41       YES         663126.41          10         8
    560         42.63         663126.41       YES         663126.41          11        18
    570         43.65         663126.41       YES         663126.41          10        28
    580         43.76         663126.41       YES         663126.41          10         8
    590         44.77         663126.41       YES         663126.41          10        18
    600         45.78         663126.41       YES         663126.41          10        28
    610         45.90         663126.41       YES         663126.41          10         8
    620         46.89         663126.41       YES         663126.41          12        18
    630         47.86         663126.41       YES         663126.41          10        28
    640         47.98         663126.41       YES         663126.41          10         8
    650         48.99         663126.41       YES         663126.41          11        18
    660         49.98         663126.41       YES         663126.41          10        28
    670         50.10         663126.41       YES         663126.41          10         8
    680         51.28         663126.41       YES         663126.41          10        18
    690         52.53         663126.41       YES         663126.41          10        28
    700         52.68         663126.41       YES         663126.41          10         8
    710         53.90         663126.41       YES         663126.41          10        18
    720         54.94         663126.41       YES         663126.41          11        28
    730         55.06         663126.41       YES         663126.41          10         8
    740         56.06         663126.41       YES         663126.41          10        18
    750         57.06         663126.41       YES         663126.41          10        28
    760         57.17         663126.41       YES         663126.41          10         8
    770         58.17         663126.41       YES         663126.41          10        18
    780         59.37         663126.41       YES         663126.41          10        28
    790         59.50         663126.41       YES         663126.41          10         8
