   iter       time(s)          bestCost  feasible      bestThisIter    feasAnts noImprove
---------------------------------------------------------------------------------------------
     10          0.28          77648.05       YES          77648.05          10         3
     20          2.03          74677.17       YES          74677.17          11         5
     30          4.00          74677.17       YES          74677.17          10        15
     40          4.44          74677.17       YES          74677.17          10        25
     50          6.20          74677.17       YES          75093.87          10         5
     60          7.72          74677.17       YES          74677.17          10        15
     70          8.06          74677.17       YES          74677.17          10        25
     80          9.79          74677.17       YES          75429.68          10         5
     90         11.72          74677.17       YES          74677.17          10        15
    100         12.14          74677.17       YES          74677.17          10        25
    110         13.98          74677.17       YES          76856.48          10         5
    120         15.65          74677.17       YES          74677.17          10        15
    130         16.01          74677.17       YES          74677.17          10        25
    140         17.68          74677.17       YES          74677.17          10         5
    150         19.72          74677.17       YES          74677.17          10        15
    160         20.16          74677.17       YES          74677.17          10        25
    170         22.02          74677.17       YES          75467.68          10         5
    180         23.60          74677.17       YES          74677.17          10        15
    190         23.90          74677.17       YES          74677.17          10        25
    200         25.62          74677.17       YES          74677.17          10         5
    210         27.64          74677.17       YES          74677.17          10        15
    220         28.05          74677.17       YES          74677.17          10        25
    230         29.89          74677.17       YES          74677.17          10         5
    240         31.51          74677.17       YES          74677.17          10        15
    250         31.91          74677.17       YES          74677.17          10        25
    260         33.57          74677.17       YES          75093.87          10         5
    270         35.51          74677.17       YES          74677.17          10        15
    280         35.94          74677.17       YES          74677.17          10        25
    290         37.81          74677.17       YES          75467.68          10         5
    300         39.45          74677.17       YES          74677.17          10        15
    310         39.79          74677.17       YES          74677.17          10        25
    320         41.41          74677.17       YES          78358.87          10         5
    330         43.33          74677.17       YES          74677.17          10        15
    340         43.79          74677.17       YES          74677.17          10        25
    350         45.70          74677.17       YES          75467.68          10         5
    360         47.30          74677.17       YES          74677.17          10        15
    370         47.69          74677.17       YES          74677.17          10        25
    380         49.28          74677.17       YES          74677.17          10         5
    390         51.28          74677.17       YES          74677.17          10        15
    400         51.68          74677.17       YES          74677.17          10        25
    410         53.57          74677.17       YES          74677.17          10         5
    420         55.17          74677.17       YES          74677.17          10        15
    430         55.56          74677.17       YES          74677.17          10        25
    440         57.15          74677.17       YES          75467.68          10         5
    450         59.11          74677.17       YES          74677.17          10        15
    460         59.57          74677.17       YES          74677.17          10        25
