   iter       time(s)          bestCost  feasible      bestThisIter    feasAnts noImprove
---------------------------------------------------------------------------------------------
     10          1.50          11441.59       YES          11602.75          10         6
     20          7.68          10926.92       YES          11008.56          10         5
     30         13.90          10923.54       YES          11313.94          10         0
     40         14.71          10914.82       YES          10914.82          10         9
     50         20.20          10766.06       YES          10766.06          10         0
     60         26.31          10766.06       YES          10766.06          10        10
     70         27.80          10766.06       YES          11356.05          10        20
     80         34.40          10766.06       YES          11745.96          10        30
     90         41.53          10766.06       YES          12077.06          10        10
    100         43.31          10766.06       YES          11617.27          10        20
    110         49.27          10766.06       YES          11412.02          10        30
    120         56.50          10766.06       YES          11271.99          10        10
    130         58.34          10766.06       YES          12389.30          10        20
