   iter       time(s)          bestCost  feasible      bestThisIter    feasAnts noImprove
---------------------------------------------------------------------------------------------
     10          0.68        2083110.83       YES        2083110.83          10         6
     20          4.43        2083110.83       YES        2083110.83          10        16
     30          8.17        2078644.25       YES        2083110.83           9         0
     40          8.80        2078644.25       YES        2078644.25          13        10
     50         12.43        2078644.25       YES        2078644.25          10        20
     60         15.61        2078644.25       YES        2078644.25           9        30
     70         16.28        2078644.25       YES        2088879.35           9        10
     80         19.95        2078644.25       YES        2078644.25          10        20
     90         23.72        2078644.25       YES        2083110.83          10        30
    100         24.45        2078644.25       YES        2078644.25          10        10
    110         27.61        2078644.25       YES        2078644.25          11        20
    120         31.26        2078644.25       YES        2078644.25          10        30
    130         32.02        2078644.25       YES        2173720.64          10        10
    140         35.81        2078644.25       YES        2088879.35          10        20
    150         39.03        2078644.25       YES        2078644.25          10        30
    160         39.72        2078644.25       YES        2155692.50          10        10
    170         43.47        2078644.25       YES        2078644.25          11        20
    180         47.17        2078644.25       YES        2078644.25          11        30
    190         48.02        2078644.25       YES        2209468.92          10        10
    200         52.27        2078644.25       YES        2078644.25          11        20
    210         56.29        2078644.25       YES        2078644.25           9        30
    220         57.13        2078644.25       YES        2121552.33          10        10
