   iter       time(s)          bestCost  feasible      bestThisIter    feasAnts noImprove
---------------------------------------------------------------------------------------------
     10          0.90        1625159.40       YES        1681295.78          10         7
     20          9.78        1624493.41       YES        1624493.41           9         0
     30         18.17        1624493.41       YES        1624493.41          10        10
     40         19.37        1624493.41       YES        1624493.41           9        20
     50         28.64        1623995.73       YES        1623995.73          13         3
     60         37.05        1622109.37       YES        1622109.37          14         9
     70         38.01        1622109.37       YES        1629466.81          10        19
     80         46.49        1622109.37       YES        1648441.20          10        29
     90         55.08        1622109.37       YES        1658605.39           9         9
    100         55.94        1622109.37       YES        1624278.05          10        19
