   iter       time(s)          bestCost  feasible      bestThisIter    feasAnts noImprove
---------------------------------------------------------------------------------------------
     10          0.42         171030.13       YES         171030.13          10         8
     20          2.32         170906.97       YES         170906.97          13         0
     30          4.38         170906.97       YES         170906.97          10        10
     40          4.75         170906.97       YES         173162.90          10        20
     50          6.85         170906.97       YES         170906.97          10        30
     60          9.31         170906.97       YES         171471.47          10        10
     70          9.84         170906.97       YES         170906.97          10        20
     80         12.11         170906.97       YES         170906.97          10        30
     90         14.43         170906.97       YES         171335.62          10        10
    100         14.81         170906.97       YES         171304.44          10        20
    110         16.64         170906.97       YES         171304.44          10        30
    120         18.89         170906.97       YES         173546.05          10        10
    130         19.35         170906.97       YES         170906.97          10        20
    140         21.52         170906.97       YES         170906.97          10        30
    150         23.53         170906.97       YES         171304.44          10        10
    160         23.99         170906.97       YES         171304.44          10        20
    170         25.90         170906.97       YES         171696.40          10        30
    180         28.25         170906.97       YES         171304.44          10        10
    190         28.88         170906.97       YES         171471.47          10        20
    200         30.81         170906.97       YES         170906.97          10        30
    210         32.66         170906.97       YES         175394.56          10        10
    220         33.08         170906.97       YES         171471.47          10        20
    230         35.41         170906.97       YES         170906.97          10        30
    240         37.68         170906.97       YES         172457.01          10        10
    250         38.05         170906.97       YES         170906.97          10        20
    260         40.11         170906.97       YES         171806.73          10        30
    270         42.13         170906.97       YES         171304.44          10        10
    280         42.62         170906.97       YES         171304.44          10        20
    290         45.05         170906.97       YES         170906.97          10        30
    300         46.98         170906.97       YES         171819.05          10        10
    310         47.37         170906.97       YES         172182.15          10        20
    320         49.52         170906.97       YES         172950.12          10        30
    330         51.75         170906.97       YES         172646.86          10        10
    340         52.28         170906.97       YES         170906.97          10        20
    350         54.53         170906.97       YES         170906.97          10        30
    360         56.43         170906.97       YES         172698.45          10        10
    370         56.84         170906.97       YES         170906.97          10        20
    380         59.13         170906.97       YES         171009.99          10        30
    390         61.43         170906.97       YES         174403.93          10        10
