   iter       time(s)          bestCost  feasible      bestThisIter    feasAnts noImprove
---------------------------------------------------------------------------------------------
     10          1.27         503528.47       YES         503528.47          10         3
     20          6.64         493496.85       YES         493496.85          10         5
     30         12.23         493496.85       YES         500581.06          10        15
     40         13.80         493496.85       YES         499648.31          10        25
     50         19.80         493496.85       YES         501358.15          10         5
     60         25.86         493496.85       YES         522949.95          10        15
     70         27.38         493496.85       YES         506033.29          10        25
     80         33.38         493496.85       YES         508200.41          10         5
     90         39.10         493496.85       YES         504644.64          10        15
    100         40.27         493496.85       YES         518228.47          10        25
    110         45.14         493496.85       YES         524179.84          10         5
    120         49.76         493496.85       YES         507197.05          10        15
    130         50.95         493496.85       YES         500813.19          10        25
    140         55.95         493496.85       YES         502371.62          10         5
    150         61.13         493496.85       YES         503330.11          10        15
