   iter       time(s)          bestCost  feasible      bestThisIter    feasAnts noImprove
---------------------------------------------------------------------------------------------
     10          0.63          18949.18       YES          18949.18          10         0
     20          4.17          18940.13       YES          18940.13          13         5
     30          7.73          18940.13       YES          19077.91          10        15
     40          8.28          18940.13       YES          18949.18          10        25
     50         12.16          18940.13       YES          18940.13          10         5
     60         15.43          18940.13       YES          18940.13          10        15
     70         16.01          18940.13       YES          18940.13          10        25
     80         19.18          18914.94       YES          18914.94          13         2
     90         22.44          18914.94       YES          18914.94          10        12
    100         22.84          18914.94       YES          18914.94          10        22
    110         26.06          18914.94       YES          18937.49          10         2
    120         28.92          18914.94       YES          19051.66          10        12
    130         29.23          18914.94       YES          18914.94          10        22
    140         32.18          18914.94       YES          19230.70          10         2
    150         35.22          18914.94       YES          19129.72          10        12
    160         35.55          18914.94       YES          19001.06          10        22
    170         38.63          18914.94       YES          18993.64          10         2
    180         41.84          18914.94       YES          18914.94          10        12
    190         42.20          18914.94       YES          18914.94          10        22
    200         44.93          18914.94       YES          18963.99          10         2
    210         48.10          18914.94       YES          19056.99          10        12
    220         48.46          18914.94       YES          19004.13          10        22
    230         51.31          18914.94       YES          19045.53          11         2
    240         54.21          18914.94       YES          19004.13          10        12
    250         54.54          18914.94       YES          18914.94          10        22
    260         57.69          18914.94       YES          18914.94          11         2
    270         60.54          18914.94       YES          19012.94          10        12
