   iter       time(s)          bestCost  feasible      bestThisIter    feasAnts noImprove
---------------------------------------------------------------------------------------------
     10          1.65          54696.82       YES          54696.82          10         0
     20          8.79          54392.25       YES          54392.25          10         4
     30         16.08          54392.25       YES          54902.24          10        14
     40         18.55          54392.25       YES          55804.76          10        24
     50         25.96          53799.74       YES          53799.74          10         5
     60         33.51          53755.76       YES          56180.97          10         0
     70         35.06          53266.38       YES          53354.84          24         1
     80         42.16          53266.38       YES          53266.38          10        11
     90         49.41          53266.38       YES          55874.35          10        21
    100         51.75          53266.38       YES          59227.98          10         1
