1 2 3 4 5 6 7 14 15 16 17 18 19 20 27 28 29 30 31 
32 33 40 41 42 43 44 45 46 53 54 55 56 57 58 59 68 69 71 
163 164 169 175 176 177 178 179 180 181 182 188 189 190 191 192 193 194 195 
66 67 70 79 80 81 82 83 84 85 92 93 94 95 96 97 98 105 106 107 109 
144 146 148 157 158 159 160 161 162 170 171 172 173 174 183 184 185 186 187 
108 110 118 119 120 121 122 123 124 131 132 133 134 135 136 137 145 147 149 
125 126 130 138 139 140 141 142 143 150 151 152 153 154 155 156 165 166 167 168 
8 9 10 11 12 13 21 22 23 24 25 26 34 35 36 38 39 47 48 50 
37 49 51 52 60 61 62 63 64 65 72 73 74 75 76 77 78 88 89 
86 87 90 91 99 100 101 102 103 104 111 112 113 114 115 116 117 127 128 129 
