   iter       time(s)          bestCost  feasible      bestThisIter    feasAnts noImprove
---------------------------------------------------------------------------------------------
     10          0.71         182694.31       YES         182694.31          10         3
     20          3.83         181372.47       YES         181590.01          10         2
     30          7.69         181372.47       YES         184132.53           9        12
     40          8.37         181372.47       YES         181590.01          10        22
     50         11.98         180659.72       YES         180659.72          13         5
     60         15.93         179728.36       YES         180659.72          10         0
     70         16.72         179052.88       YES         179052.88          18         4
     80         20.48         178598.03       YES         178598.03          10         8
     90         23.74         178598.03       YES         178598.03          10        18
    100         24.80         178598.03       YES         178598.03          10        28
    110         28.66         178598.03       YES         187204.98          10         8
    120         32.34         178333.70       YES         181587.83          10         0
    130         33.12         178333.70       YES         178333.70           9        10
    140         37.26         178333.70       YES         185384.32          10        20
    150         41.02         178333.70       YES         178333.70          10        30
    160         41.99         178333.70       YES         178333.70          10        10
    170         45.91         178333.70       YES         183591.14           9        20
    180         49.69         177989.19       YES         177989.19          10         0
    190         50.38         177989.19       YES         179401.77           9        10
    200         54.13         177989.19       YES         182745.93          10        20
    210         58.21         177989.19       YES         184354.58          10        30
    220         59.43         177989.19       YES         185159.86          10        10
