23 27 49 72 129 144 145 147 
45 68 71 91 106 119 128 
3 10 22 62 113 121 149 
13 31 64 74 112 123 136 
18 55 65 75 83 85 132 
11 36 61 69 127 130 148 
50 70 99 102 108 114 135 137 
26 33 56 93 126 142 146 
14 15 59 77 78 80 122 133 
7 8 63 84 89 96 124 
12 24 40 47 53 118 120 
1 30 34 48 73 76 87 98 103 
6 9 19 28 37 42 139 
17 39 41 57 60 66 117 140 
5 82 95 97 100 107 143 
32 38 43 67 101 109 116 131 
16 35 52 79 88 94 105 111 
20 46 51 54 90 92 134 138 
4 21 44 104 115 125 150 
2 25 29 58 81 86 110 141 
