   iter       time(s)          bestCost  feasible      bestThisIter    feasAnts noImprove
---------------------------------------------------------------------------------------------
     10          0.49         278278.63       YES         278278.63          10         3
     20          4.39         278278.63       YES         278278.63           9        13
     30          8.31         278278.63       YES         278278.63          10        23
     40          8.77         278278.63       YES         280544.96          10         3
     50         13.44         278278.63       YES         278278.63          10        13
     60         17.58         278278.63       YES         278278.63          10        23
     70         18.11         278278.63       YES         279909.06          10         3
     80         22.55         278278.63       YES         278278.63          10        13
     90         26.42         278278.63       YES         278278.63          10        23
    100         26.86         278278.63       YES         279954.94          10         3
    110         31.33         278278.63       YES         278278.63          10        13
    120         35.47         278278.63       YES         278278.63          10        23
    130         35.93         278278.63       YES         283737.33          10         3
    140         40.67         278278.63       YES         278831.40          10        13
    150         44.67         278278.63       YES         278278.63          10        23
    160         45.11         278278.63       YES         279300.30          10         3
    170         49.77         278278.63       YES         278278.63          10        13
    180         53.69         278278.63       YES         278278.63          10        23
    190         54.10         278278.63       YES         280562.73          10         3
    200         58.39         278278.63       YES         278278.63          10        13
    210         62.74         278278.63       YES         278278.63          10        23
