   iter       time(s)          bestCost  feasible      bestThisIter    feasAnts noImprove
---------------------------------------------------------------------------------------------
     10          1.30          67361.00       YES          71413.37          10         6
     20          9.62          65967.60       YES          65967.60          10         5
     30         17.82          65967.60       YES          68873.22          10        15
     40         19.65          65967.60       YES          70261.10          10        25
     50         28.49          65967.60       YES          70671.98          10         5
     60         37.26          65967.60       YES          69740.27          10        15
     70         39.36          65967.60       YES          68473.35          10        25
     80         48.48          65967.60       YES          71190.24          10         5
     90         57.47          65967.60       YES          68548.94          10        15
    100         59.12          65967.60       YES          69946.03          10        25
