   iter       time(s)          bestCost  feasible      bestThisIter    feasAnts noImprove
---------------------------------------------------------------------------------------------
     10          0.64         366894.19       YES         366894.19          10         3
     20          7.22         366894.19       YES         366894.19          10        13
     30         13.04         366894.19       YES         366894.19          10        23
     40         13.85         366894.19       YES         370600.81          10         3
     50         20.39         366115.08       YES         366115.08          17         2
     60         26.18         365051.39       YES         365051.39          11         7
     70         26.91         365051.39       YES         365051.39           9        17
     80         32.77         363594.60       YES         362130.02          12         7
     90         39.31         363594.60       YES         363594.60          10        17
    100         40.10         363594.60       YES         363594.60          10        27
    110         46.38         363594.60       YES         366591.76          10         7
    120         52.82         363594.60       YES         363594.60          10        17
    130         53.44         363594.60       YES         364319.26          10        27
    140         59.99         363594.60       YES         365297.11          10         7
