   iter       time(s)          bestCost  feasible      bestThisIter    feasAnts noImprove
---------------------------------------------------------------------------------------------
     10          1.10           3616.68       YES           3616.68          10         0
     20          5.49           3616.68       YES           3635.17          10        10
     30         10.54           3575.36       YES           3762.90          10         0
     40         11.17           3575.36       YES           3575.36          10        10
     50         16.26           3575.36       YES           3773.23          10        20
     60         21.16           3575.36       YES           3699.53          10        30
     70         22.63           3575.36       YES           3778.38          10        10
     80         27.62           3575.36       YES           3657.29          10        20
     90         32.83           3575.36       YES           3667.73          10        30
    100         34.11           3575.36       YES           3809.90          10        10
    110         39.21           3575.36       YES           3771.09          10        20
    120         44.22           3575.36       YES           3610.28          10        30
    130         45.66           3575.36       YES           3921.24          10        10
    140         50.88           3575.36       YES           3640.63          10        20
    150         56.17           3575.36       YES           3663.15          10        30
    160         57.51           3575.36       YES           3974.58          10        10
