   iter       time(s)          bestCost  feasible      bestThisIter    feasAnts noImprove
---------------------------------------------------------------------------------------------
     10          1.31        1420387.34       YES        1420387.34          10         7
     20         12.13        1407582.04       YES        1407582.04          12         5
     30         22.65        1407582.04       YES        1407582.04          10        15
     40         24.40        1407582.04       YES        1409142.23          10        25
     50         35.56        1407582.04       YES        1426303.29          10         5
     60         45.97        1407582.04       YES        1407582.04          10        15
     70         47.29        1407582.04       YES        1407582.04          10        25
     80         58.42        1407582.04       YES        1424613.49          10         5
     90         68.90        1407582.04       YES        1407582.04          10        15
