   iter       time(s)          bestCost  feasible      bestThisIter    feasAnts noImprove
---------------------------------------------------------------------------------------------
     10          0.91         767658.12       YES         773454.48          10         1
     20          5.42         757921.96       YES         757921.96          10         5
     30         10.04         756930.55       YES         756930.55          13         5
     40         11.19         756930.55       YES         775614.21          10        15
     50         16.29         756930.55       YES         794245.59          10        25
     60         21.14         756930.55       YES         789627.24          10         5
     70         22.14         756930.55       YES         780859.67          10        15
     80         27.38         756930.55       YES         782102.87          10        25
     90         32.75         756930.55       YES         789496.69          10         5
    100         33.67         756930.55       YES         770811.57          10        15
    110         38.47         756930.55       YES         775839.84          10        25
    120         42.95         756930.55       YES         785855.73          10         5
    130         44.22         756930.55       YES         761961.26          10        15
    140         49.42         756930.55       YES         770178.48          10        25
    150         54.17         756930.55       YES         788701.10          10         5
    160         54.99         756930.55       YES         780983.83          10        15
    170         59.83         756930.55       YES         769291.08          10        25
