   iter       time(s)          bestCost  feasible      bestThisIter    feasAnts noImprove
---------------------------------------------------------------------------------------------
     10          0.65        1560037.99       YES        1560037.99          14         1
     20          3.65        1553511.07       YES        1553511.07          10         6
     30          6.96        1552533.96       YES        1552533.96           9         9
     40          7.51        1552533.96       YES        1576720.01          10        19
     50         10.83        1552533.96       YES        1575673.76          10        29
     60         14.32        1552533.96       YES        1605024.95          10         9
     70         14.92        1552533.96       YES        1581508.02          10        19
     80         18.41        1552533.96       YES        1569529.72          10        29
     90         21.85        1552533.96       YES        1577573.91          10         9
    100         22.43        1552533.96       YES        1562735.97          10        19
    110         25.81        1552533.96       YES        1552533.96          10        29
    120         29.19        1552533.96       YES        1583410.85          10         9
    130         29.70        1552533.96       YES        1563882.77          10        19
    140         33.32        1552533.96       YES        1552533.96          10        29
    150         36.50        1552533.96       YES        1561346.76          10         9
    160         37.09        1552533.96       YES        1553511.07           9        19
    170         40.85        1552533.96       YES        1586513.08          10        29
    180         44.05        1535360.69       YES        1577547.04          10         0
    190         44.37        1535360.69       YES        1535360.69          10        10
    200         47.91        1535360.69       YES        1541735.92          10        20
    210         51.17        1535360.69       YES        1551366.67          10        30
    220         51.74        1535360.69       YES        1542338.12          10        10
    230         55.28        1535360.69       YES        1544878.81          10        20
    240         58.72        1532990.25       YES        1552288.64          10         0
    250         59.14        1532990.25       YES        1538220.06          10        10
