4 6 7 8 18 19 20 31 32 34 
84 96 97 98 99 109 110 111 112 
81 92 93 94 95 105 106 107 108 118 
1 2 3 5 14 15 16 17 27 28 29 
100 101 102 103 104 113 115 116 117 
53 54 66 67 68 79 80 82 83 
119 120 121 131 132 133 134 135 144 145 
170 171 173 174 183 184 185 186 187 
9 10 11 12 13 21 22 23 24 
25 26 35 36 37 38 39 50 51 52 
162 163 164 165 175 176 177 178 188 189 190 
146 147 148 149 157 158 159 160 161 172 
58 59 69 70 71 72 73 85 86 
30 40 41 42 43 44 45 55 56 57 
141 143 153 154 155 156 166 167 168 169 180 
33 46 47 48 49 60 61 62 63 64 76 
122 123 124 136 137 138 150 151 152 
179 181 182 191 192 193 194 195 
114 125 126 127 128 129 130 139 140 142 
65 74 75 77 78 87 88 89 90 91 
