   iter       time(s)          bestCost  feasible      bestThisIter    feasAnts noImprove
---------------------------------------------------------------------------------------------
     10          0.62        6626015.34       YES        6630617.95          11         2
     20          6.87        6623992.10       YES        6623992.10          24         1
     30         13.10        6623992.10       YES        6623992.10          12        11
     40         13.67        6623992.10       YES        6623992.10          10        21
     50         19.82        6623992.10       YES        6805198.99          10         1
     60         26.37        6623992.10       YES        6632642.11          10        11
     70         27.09        6623992.10       YES        6623992.10          10        21
     80         33.35        6623992.10       YES        7016418.49          10         1
     90         40.02        6619863.68       YES        6619863.68          10         0
    100         40.69        6619863.68       YES        6619863.68          14         6
    110         47.13        6611332.40       YES        6611332.40          18         5
    120         53.49        6611332.40       YES        6621350.36          10        15
    130         54.07        6611332.40       YES        6621350.36          10        25
