   iter       time(s)          bestCost  feasible      bestThisIter    feasAnts noImprove
---------------------------------------------------------------------------------------------
     10          0.64         258739.07       YES         258739.07           9         3
     20          3.36         258390.18       YES         258390.18          15         5
     30          6.66         258063.46       YES         258390.18          31         1
     40          7.05         258063.46       YES         258063.46          10        11
     50          9.81         258020.79       YES         258020.79          12         5
     60         13.05         257498.05       YES         257860.54          10         0
     70         13.92         257498.05       YES         257498.05          11        10
     80         16.99         257498.05       YES         264709.05          10        20
     90         20.05         257498.05       YES         271688.75          10        30
    100         21.01         257498.05       YES         269571.63          10        10
    110         24.26         257498.05       YES         268465.07          10        20
    120         27.66         257498.05       YES         263944.40          10        30
    130         28.55         257498.05       YES         278022.78          10        10
    140         31.71         257498.05       YES         270417.44          10        20
    150         35.22         257498.05       YES         268446.07          10        30
    160         36.10         257498.05       YES         279499.70          10        10
    170         39.34         257498.05       YES         259047.50          10        20
    180         42.88         257360.48       YES         257498.05          10         0
    190         43.47         254867.34       YES         254867.34          10         0
    200         46.19         252762.12       YES         252762.12          11         0
    210         48.74         252762.12       YES         252762.12          10        10
    220         49.28         252762.12       YES         266377.58          10        20
    230         52.12         252762.12       YES         252997.87          10        30
    240         55.34         252762.12       YES         274897.20          10        10
    250         56.13         252762.12       YES         252997.87          10        20
    260         59.42         252762.12       YES         253576.24          10        30
