   iter       time(s)          bestCost  feasible      bestThisIter    feasAnts noImprove
---------------------------------------------------------------------------------------------
     10          0.60         261374.79       YES         261374.79          11         3
     20          3.40         257459.93       YES         257459.93          12         8
     30          5.84         257459.93       YES         257459.93          10        18
     40          6.22         257459.93       YES         257459.93          10        28
     50          9.18         257459.93       YES         264562.06          10         8
     60         12.19         257459.93       YES         257459.93          10        18
     70         12.70         257459.93       YES         257859.47          10        28
     80         15.72         257459.93       YES         263543.06          10         8
     90         18.75         257459.93       YES         257859.47          10        18
    100         19.16         257459.93       YES         257459.93          10        28
    110         21.93         257459.93       YES         261933.63          10         8
    120         24.73         257459.93       YES         257459.93          10        18
    130         25.26         257459.93       YES         257459.93          10        28
    140         28.07         257459.93       YES         257459.93          10         8
    150         30.61         257459.93       YES         257459.93           9        18
    160         31.08         257459.93       YES         257459.93          11        28
    170         34.25         257459.93       YES         265547.48          10         8
    180         36.81         257459.93       YES         257459.93          10        18
    190         37.17         257459.93       YES         257459.93           9        28
    200         39.81         257459.93       YES         258527.02          10         8
    210         42.75         257459.93       YES         257459.93          10        18
    220         43.14         257459.93       YES         257459.93          11        28
    230         45.59         257459.93       YES         258951.17          10         8
    240         48.19         257459.93       YES         257459.93          10        18
    250         48.63         257459.93       YES         257459.93          10        28
    260         51.55         257459.93       YES         257459.93          10         8
    270         53.95         257459.93       YES         257459.93           9        18
    280         54.32         257459.93       YES         257459.93          10        28
    290         57.18         257459.93       YES         261898.27          10         8
    300         59.90         257459.93       YES         257459.93          10        18
