   iter       time(s)          bestCost  feasible      bestThisIter    feasAnts noImprove
---------------------------------------------------------------------------------------------
     10          1.18         555651.74       YES         563211.71          10         7
     20          8.50         549769.84       YES         549769.84          10         5
     30         15.65         542726.62       YES         542726.62          10         1
     40         16.53         542726.62       YES         544987.66          10        11
     50         23.65         542726.62       YES         548541.73          10        21
     60         31.03         542726.62       YES         553261.32          10         1
     70         32.41         542726.62       YES         565819.46          10        11
     80         39.68         542726.62       YES         549880.16          10        21
     90         46.29         542726.62       YES         589086.95          10         1
    100         47.60         542726.62       YES         553029.66          10        11
    110         54.86         542726.62       YES         562066.44          10        21
    120         62.10         542726.62       YES         589584.37          10         1
