   iter       time(s)          bestCost  feasible      bestThisIter    feasAnts noImprove
---------------------------------------------------------------------------------------------
     10          2.07         332653.02       YES         332653.02          10         0
     20         10.49         329510.08       YES         333040.81          10         5
     30         19.79         329510.08       YES         351616.00          10        15
     40         22.47         329510.08       YES         366372.73          10        25
     50         32.23         329510.08       YES         364749.62          10         5
     60         41.95         324370.39       YES         349590.52          10         0
     70         43.77         324370.39       YES         351399.52          10        10
     80         52.93         320909.11       YES         328724.04          10         5
     90         62.20         320909.11       YES         356127.79          10        15
