177 179 180 183 184 185 186 187 192 193 194 195 196 197 198 
1 2 3 4 5 6 7 19 24 40 41 57 
14 15 16 17 18 20 21 22 23 25 27 30 34 
26 35 47 48 49 50 51 52 63 64 65 77 78 
124 125 126 129 130 131 132 134 135 136 138 141 143 169 
170 173 174 175 176 178 181 182 188 189 190 191 
118 119 121 122 123 139 154 155 156 157 158 159 
127 128 133 137 140 144 151 163 164 165 166 171 172 
28 29 31 32 33 36 37 38 39 45 46 53 54 61 
44 55 59 60 67 68 69 70 72 73 86 87 99 100 
79 80 91 92 93 94 95 101 102 103 104 105 110 114 
8 9 10 11 12 13 42 43 56 58 71 84 85 
96 106 107 108 109 111 112 113 115 116 117 120 167 168 
142 145 146 147 148 149 150 152 153 160 161 162 
62 66 74 75 76 81 82 83 88 89 90 97 98 
