   iter       time(s)          bestCost  feasible      bestThisIter    feasAnts noImprove
---------------------------------------------------------------------------------------------
     10          1.34         420214.99       YES         420214.99          10         2
     20          8.05         414420.71       YES         414420.71          10         5
     30         15.04         414420.71       YES         431904.59          10        15
     40         16.54         414420.71       YES         439690.65          10        25
     50         24.08         414420.71       YES         474176.26          10         5
     60         31.79         414420.71       YES         482021.88          10        15
     70         33.43         414420.71       YES         460400.40          10        25
     80         40.97         414420.71       YES         454391.25          10         5
     90         48.50         414420.71       YES         442170.06          10        15
    100         50.37         414420.71       YES         449735.45          10        25
    110         57.92         414420.71       YES         451352.26          10         5
    120         65.51         414420.71       YES         417229.54          10        15
