   iter       time(s)          bestCost  feasible      bestThisIter    feasAnts noImprove
---------------------------------------------------------------------------------------------
     10          0.99          10738.50       YES          11140.02          10         5
     20          5.87          10583.80       YES          10583.80          10         5
     30         10.54          10546.99       YES          10669.73          10         0
     40         11.63          10465.50       YES          10465.50          10         3
     50         16.23          10465.50       YES          11042.65          10        13
     60         21.41          10465.50       YES          11065.85          10        23
     70         22.53          10465.50       YES          10892.26          10         3
     80         27.69          10465.50       YES          10599.46          10        13
     90         32.34          10441.15       YES          10441.15          10         5
    100         33.20          10441.15       YES          10585.95          10        15
    110         37.74          10441.15       YES          10968.79          10        25
    120         42.85          10441.15       YES          10875.18          10         5
    130         44.14          10441.15       YES          10676.77          10        15
    140         49.33          10441.15       YES          10888.23          10        25
    150         54.13          10441.15       YES          11201.51          10         5
    160         55.58          10441.15       YES          10486.72          10        15
