   iter       time(s)          bestCost  feasible      bestThisIter    feasAnts noImprove
---------------------------------------------------------------------------------------------
     10          1.30           3610.88       YES           3691.49           9         4
     20          5.93           3484.60       YES           3484.60          11         5
     30         10.50           3477.05       YES           3616.20          10         0
     40         11.77           3459.71       YES           3459.71          10         6
     50         16.80           3459.71       YES           3777.23          10        16
     60         21.96           3411.08       YES           3553.97          10         0
     70         23.12           3411.08       YES           3411.08          10        10
     80         27.06           3398.76       YES           3398.76          10         5
     90         31.86           3398.76       YES           3569.59           9        15
    100         33.26           3398.76       YES           3577.32          10        25
    110         37.48           3353.75       YES           3353.75          10         5
    120         42.03           3282.66       YES           3321.28          12         0
    130         43.06           3282.66       YES           3282.66           9        10
    140         47.38           3282.66       YES           3459.66          10        20
    150         52.60           3282.66       YES           3465.25          10        30
    160         54.23           3282.66       YES           3531.95          10        10
    170         58.74           3282.66       YES           3614.16           9        20
