   iter       time(s)          bestCost  feasible      bestThisIter    feasAnts noImprove
---------------------------------------------------------------------------------------------
     10          0.31           3065.58       YES           3065.58          16         0
     20          1.85           2993.60       YES           2993.60          11         2
     30          3.30           2993.60       YES           2993.60          10        12
     40          3.61           2993.60       YES           3019.75          10        22
     50          5.52           2993.60       YES           3138.40          10         2
     60          7.63           2993.60       YES           3036.89          10        12
     70          8.00           2993.60       YES           3036.32          10        22
     80          9.66           2993.60       YES           3063.59          10         2
     90         11.36           2993.60       YES           3097.89          10        12
    100         11.69           2993.60       YES           2993.60          10        22
    110         13.32           2993.60       YES           3042.44          10         2
    120         14.98           2993.60       YES           3104.70          10        12
    130         15.28           2993.60       YES           2993.60          10        22
    140         17.19           2993.60       YES           2993.60          10         2
    150         19.37           2993.60       YES           3008.54          10        12
    160         19.80           2993.60       YES           3033.68          10        22
    170         21.45           2993.60       YES           3107.20          10         2
    180         23.33           2993.60       YES           3061.86          10        12
    190         23.69           2993.60       YES           3065.95          10        22
    200         25.62           2993.60       YES           3012.76          10         2
    210         27.76           2993.60       YES           2993.60          10        12
    220         28.12           2993.60       YES           3075.10          10        22
    230         29.70           2993.60       YES           3024.34          10         2
    240         31.44           2993.60       YES           3012.76          10        12
    250         31.75           2993.60       YES           2993.60          10        22
    260         33.40           2993.60       YES           3027.52          10         2
    270         35.13           2993.60       YES           2993.60          10        12
    280         35.49           2993.60       YES           2993.60          10        22
    290         37.41           2993.60       YES           3016.53          10         2
    300         39.54           2993.60       YES           3012.76          10        12
    310         39.98           2993.60       YES           3032.52          10        22
    320         41.65           2993.60       YES           3100.59          10         2
    330         43.40           2993.60       YES           3057.95          10        12
    340         43.76           2993.60       YES           3058.37          10        22
    350         45.76           2993.60       YES           2993.60          10         2
    360         47.81           2993.60       YES           3029.39          10        12
    370         48.15           2993.60       YES           3036.46          10        22
    380         49.77           2993.60       YES           3083.18          10         2
    390         51.51           2993.60       YES           3201.36          10        12
    400         51.86           2993.60       YES           2993.60          10        22
    410         53.88           2993.60       YES           3068.69          10         2
    420         55.98           2993.60       YES           3007.02          10        12
    430         56.36           2993.60       YES           3028.39          10        22
    440         57.96           2993.60       YES           3048.06          10         2
    450         59.67           2993.60       YES           3057.07          10        12
    460         60.02           2993.60       YES           2993.60          10        22
