   iter       time(s)          bestCost  feasible      bestThisIter    feasAnts noImprove
---------------------------------------------------------------------------------------------
     10          0.49         742915.28       YES         743749.18          10         1
     20          2.53         742915.28       YES         742915.28          14        11
     30          4.53         742915.28       YES         742915.28          10        21
     40          4.86         742915.28       YES         769317.52          10         1
     50          7.02         742915.28       YES         742915.28          10        11
     60          9.03         742915.28       YES         742915.28           9        21
     70          9.39         742915.28       YES         765398.71          10         1
     80         12.00         742915.28       YES         753929.96          10        11
     90         14.16         742915.28       YES         743749.18          10        21
    100         14.46         742915.28       YES         789107.73          10         1
    110         16.63         742915.28       YES         748433.07          10        11
    120         19.15         742915.28       YES         742915.28           9        21
    130         19.47         742915.28       YES         801292.58          10         1
    140         21.86         742915.28       YES         760326.35          10        11
    150         24.00         742915.28       YES         742915.28          13        21
    160         24.37         742915.28       YES         762551.61          10         1
    170         26.99         742915.28       YES         742915.28          10        11
    180         29.34         742915.28       YES         742915.28          11        21
    190         29.63         742915.28       YES         794933.89          10         1
    200         31.76         742915.28       YES         742915.28          10        11
    210         33.78         742915.28       YES         742915.28          10        21
    220         34.06         742915.28       YES         775998.57          10         1
    230         36.17         742915.28       YES         742915.28          10        11
    240         38.57         742915.28       YES         742915.28          10        21
    250         38.95         742915.28       YES         791961.89          10         1
    260         41.48         742915.28       YES         742915.28          10        11
    270         43.53         742915.28       YES         742915.28          11        21
    280         43.78         742915.28       YES         797109.09          10         1
    290         46.18         742915.28       YES         750059.26          10        11
    300         48.70         742915.28       YES         742915.28          10        21
    310         49.04         742915.28       YES         766722.81          10         1
    320         51.21         742915.28       YES         742915.28          10        11
    330         53.32         742915.28       YES         742915.28          11        21
    340         53.66         742915.28       YES         790246.57          10         1
    350         56.25         742915.28       YES         755884.66          10        11
    360         58.45         742915.28       YES         742915.28          10        21
    370         58.75         742915.28       YES         798194.54          10         1
