   iter       time(s)          bestCost  feasible      bestThisIter    feasAnts noImprove
---------------------------------------------------------------------------------------------
     10          0.46        1976492.47       YES        1976492.47          10         6
     20          3.56        1976492.47       YES        1976492.47          10        16
     30          6.51        1976492.47       YES        1976492.47          11        26
     40          7.03        1976492.47       YES        1980455.23          10         6
     50          9.86        1976492.47       YES        1976492.47          10        16
     60         12.93        1976492.47       YES        1976492.47          10        26
     70         13.53        1976492.47       YES        1990272.16          10         6
     80         16.32        1976492.47       YES        1980455.23          10        16
     90         19.17        1976492.47       YES        1980455.23          10        26
    100         19.71        1976492.47       YES        1987918.73          10         6
    110         22.86        1976492.47       YES        1980455.23          10        16
    120         26.10        1976492.47       YES        1976492.47          10        26
    130         26.67        1976492.47       YES        1980455.23          10         6
    140         29.89        1976492.47       YES        1976492.47          10        16
    150         32.50        1976492.47       YES        1987565.04          10        26
    160         33.00        1976492.47       YES        2041114.39          10         6
    170         35.88        1974688.08       YES        1974688.08          26         2
    180         38.80        1973941.06       YES        1973941.06          18         6
    190         39.16        1973941.06       YES        1973941.06          11        16
    200         41.80        1973941.06       YES        1987709.68          10        26
    210         45.14        1973941.06       YES        1994535.31          10         6
    220         45.66        1973941.06       YES        1973941.06          10        16
    230         48.73        1973941.06       YES        1973941.06          10        26
    240         51.93        1973941.06       YES        1979825.78          10         6
    250         52.44        1973941.06       YES        1973941.06          10        16
    260         55.36        1973941.06       YES        1973941.06          10        26
    270         58.12        1973941.06       YES        1995373.23          10         6
    280         58.68        1973941.06       YES        1973941.06          10        16
