   iter       time(s)          bestCost  feasible      bestThisIter    feasAnts noImprove
---------------------------------------------------------------------------------------------
     10          0.81         269352.57       YES         269352.57          10         3
     20          6.51         267412.23       YES         267412.23          11         2
     30         12.12         266724.25       YES         272218.76          10         0
     40         12.58         265047.15       YES         265047.15          10         0
     50         17.48         263614.67       YES         263614.67          12         3
     60         22.86         263614.67       YES         263614.67          10        13
     70         23.63         263614.67       YES         263614.67          10        23
     80         29.45         263614.67       YES         265407.28          10         3
     90         35.24         263614.67       YES         270147.26           9        13
    100         36.17         263614.67       YES         269541.17          10        23
    110         41.59         263614.67       YES         272494.46          10         3
    120         47.29         263614.67       YES         268852.43          10        13
    130         48.03         263614.67       YES         269940.75           9        23
    140         53.32         263614.67       YES         267908.95          10         3
    150         59.14         263614.67       YES         268105.87          10        13
    160         59.94         263614.67       YES         267116.52          10        23
