375 403 404 406 407 413 415 416 417 418 419 420 437 438 439 440 441 442 450 451 452 453 454 473 481 483 
13 14 15 16 17 18 20 41 43 47 48 53 54 55 56 57 58 59 60 62 63 65 128 190 
156 159 160 162 166 167 172 173 174 176 179 180 182 185 186 189 194 197 198 201 209 215 216 218 
22 23 24 25 26 27 28 29 30 31 32 33 34 35 39 210 224 235 266 269 277 301 385 392 423 
232 239 248 249 250 251 252 253 254 260 261 262 263 264 265 282 283 284 285 286 287 294 295 296 308 312 
334 341 342 345 352 358 368 369 370 371 381 382 390 391 398 399 411 422 429 431 457 458 461 464 466 
88 89 90 91 92 93 94 95 97 98 99 100 101 102 105 108 112 113 115 117 118 120 125 132 
396 409 424 432 433 434 435 443 444 445 446 447 448 449 459 460 462 463 465 467 468 469 470 471 472 
245 256 257 273 279 280 281 289 290 291 292 293 306 309 313 314 318 321 322 323 329 333 337 338 364 
222 223 225 230 231 236 240 241 255 267 268 271 272 276 278 297 298 299 304 305 310 317 326 349 
141 143 151 153 157 158 164 165 168 177 178 183 187 188 191 192 193 195 196 199 200 202 205 221 237 
384 395 401 421 426 427 428 430 455 456 474 475 476 477 478 479 480 482 484 485 486 487 488 489 490 493 
12 61 64 66 67 68 69 70 71 72 73 74 75 76 77 78 79 80 81 83 84 85 87 116 
103 104 109 110 111 114 119 123 124 127 130 131 133 134 135 137 138 140 142 144 146 147 148 150 169 
1 2 3 4 5 6 7 8 9 10 11 19 36 37 38 40 42 44 45 46 49 50 51 52 
325 327 330 343 346 350 353 357 359 360 365 374 377 378 383 386 389 393 397 400 408 412 414 425 436 
184 203 204 206 207 208 211 212 213 217 219 220 227 228 229 233 234 238 242 243 244 246 247 258 259 
214 226 270 274 275 288 300 302 307 311 315 316 319 320 332 335 348 362 372 373 491 492 
303 324 328 331 336 339 340 344 347 351 354 355 356 361 363 366 367 376 379 380 387 388 394 402 405 410 
21 82 86 96 106 107 121 122 126 129 136 139 145 149 152 154 155 161 163 170 171 175 181 
