1 20 21 22 23 24 30 33 
8 9 10 11 12 13 58 84 87 
14 15 16 17 18 19 29 31 32 40 
124 125 126 129 131 132 138 168 169 170 
127 128 144 151 163 164 165 166 171 172 
123 139 154 155 156 157 158 159 161 
110 118 167 173 189 190 191 
2 3 4 5 6 7 41 42 57 
174 175 176 177 178 180 181 182 183 185 188 
71 72 73 85 86 88 97 98 99 100 
109 111 112 115 116 117 119 120 121 122 
91 101 102 103 104 105 106 107 108 113 114 
145 146 147 148 149 150 152 153 160 162 
48 49 50 63 64 78 79 80 92 93 94 
25 26 27 28 34 35 39 47 51 52 
65 74 76 77 81 82 89 90 95 96 
130 133 134 135 136 137 140 141 142 143 
36 37 38 45 46 53 54 61 62 66 75 
179 184 186 187 192 193 194 195 196 197 198 
43 44 55 56 59 60 67 68 69 70 83 
