   iter       time(s)          bestCost  feasible      bestThisIter    feasAnts noImprove
---------------------------------------------------------------------------------------------
     10          0.61        1557380.27       YES        1557380.27          10         2
     20          4.54        1556871.50       YES        1556871.50          14         5
     30          8.56        1556871.50       YES        1556871.50          10        15
     40          9.22        1549134.08       YES        1549134.08          11         0
     50         13.42        1549134.08       YES        1549134.08          10        10
     60         17.75        1549134.08       YES        1560655.48          10        20
     70         18.50        1549134.08       YES        1557067.10          10        30
     80         22.93        1549134.08       YES        1601359.42          10        10
     90         27.40        1539304.34       YES        1549134.08          27         1
    100         28.13        1537850.77       YES        1537850.77          10         0
    110         32.42        1536762.88       YES        1536762.88          10         6
    120         36.69        1536762.88       YES        1551857.47          10        16
    130         37.38        1536762.88       YES        1569709.77          10        26
    140         41.79        1536762.88       YES        1566365.30          10         6
    150         46.18        1536762.88       YES        1568206.40          10        16
    160         46.88        1536762.88       YES        1586468.84          10        26
    170         50.98        1536676.78       YES        1536676.78          10         6
    180         55.20        1536676.78       YES        1580729.28          10        16
    190         55.87        1536676.78       YES        1554303.88          10        26
