6 22 47 54 75 80 104 106 134 138 149 
62 72 83 86 101 112 113 123 126 129 
5 50 76 91 94 95 121 131 133 
16 19 37 44 63 120 127 135 146 
11 48 52 84 87 96 103 128 144 150 
33 45 57 69 74 81 92 97 136 143 
28 38 39 43 56 71 88 119 124 148 
3 4 12 41 59 73 77 89 118 140 
8 17 25 34 58 90 98 108 109 114 145 
1 2 20 31 42 55 64 65 67 110 
7 9 26 29 51 61 78 82 117 142 
10 14 36 66 93 99 100 105 116 141 
18 24 32 40 46 49 53 125 132 137 
21 23 30 35 68 70 102 111 122 139 
13 15 27 60 79 85 107 115 130 147 
