   iter       time(s)          bestCost  feasible      bestThisIter    feasAnts noImprove
---------------------------------------------------------------------------------------------
     10          0.63        6507974.93       YES        6507974.93          10         4
     20          5.42        6507763.25       YES        6507763.25          21         2
     30         10.66        6507763.25       YES        6507763.25          10        12
     40         11.08        6507763.25       YES        6512636.33          10        22
     50         16.21        6507763.25       YES        6519596.60          10         2
     60         21.07        6507763.25       YES        6513658.78          10        12
     70         21.48        6507763.25       YES        6507763.25          10        22
     80         26.78        6507763.25       YES        6508754.62          10         2
     90         31.93        6507763.25       YES        6507763.25          10        12
    100         32.48        6507763.25       YES        6508754.62          10        22
    110         37.21        6507763.25       YES        6512615.69          10         2
    120         42.44        6507763.25       YES        6516544.37          10        12
    130         42.92        6507763.25       YES        6507763.25          10        22
    140         47.76        6507763.25       YES        6507927.26          10         2
    150         52.73        6507763.25       YES        6520194.95          10        12
    160         53.22        6507763.25       YES        6507763.25          10        22
    170         58.45        6507763.25       YES        6517734.00          10         2
    180         63.34        6507763.25       YES        6522159.75          10        12
