   iter       time(s)          bestCost  feasible      bestThisIter    feasAnts noImprove
---------------------------------------------------------------------------------------------
     10          0.10         230475.49       YES         230475.49          10         8
     20          1.10         230352.37       YES         230352.37          22         5
     30          2.09         230352.37       YES         230352.37          11        15
     40          2.22         230352.37       YES         230352.37          10        25
     50          3.49         229619.71       YES         229619.71          10         3
     60          4.72         229619.71       YES         229619.71          15        13
     70          4.81         229619.71       YES         229619.71          11        23
     80          6.04         229619.71       YES         229619.71          10         3
     90          7.07         229619.71       YES         229619.71          10        13
    100          7.15         229619.71       YES         229619.71          11        23
    110          8.16         229619.71       YES         229619.71          10         3
    120          9.14         229619.71       YES         229619.71          11        13
    130          9.22         229619.71       YES         229619.71          12        23
    140         10.22         229619.71       YES         229619.71          10         3
    150         11.50         229619.71       YES         229619.71          11        13
    160         11.60         229619.71       YES         229619.71          11        23
    170         12.86         229619.71       YES         229619.71          11         3
    180         14.10         229619.71       YES         229619.71          10        13
    190         14.20         229619.71       YES         229619.71          10        23
    200         15.19         229619.71       YES         229619.71          10         3
    210         16.18         229619.71       YES         229619.71          10        13
    220         16.26         229619.71       YES         229619.71          12        23
    230         17.31         229619.71       YES         229619.71          10         3
    240         18.33         229619.71       YES         229619.71          10        13
    250         18.43         229619.71       YES         229619.71          10        23
    260         19.64         229619.71       YES         230022.16          10         3
    270         20.88         229619.71       YES         229619.71          10        13
    280         20.99         229619.71       YES         229619.71          10        23
    290         22.24         229619.71       YES         229619.71          11         3
    300         23.26         229619.71       YES         229619.71          10        13
    310         23.35         229619.71       YES         229619.71          11        23
    320         24.36         229619.71       YES         229619.71          10         3
    330         25.37         229619.71       YES         229619.71          10        13
    340         25.45         229619.71       YES         229619.71          10        23
    350         26.46         229619.71       YES         229619.71          10         3
    360         27.73         229619.71       YES         229619.71          10        13
    370         27.84         229619.71       YES         229619.71          10        23
    380         29.13         229619.71       YES         229619.71          10         3
    390         30.33         229619.71       YES         229619.71          11        13
    400         30.40         229619.71       YES         229619.71          10        23
    410         31.36         229619.71       YES         229619.71          10         3
    420         32.37         229619.71       YES         229619.71          10        13
    430         32.46         229619.71       YES         229619.71          11        23
    440         33.45         229619.71       YES         229619.71          11         3
    450         34.48         229619.71       YES         229619.71          11        13
    460         34.58         229619.71       YES         229619.71          13        23
    470         35.80         229619.71       YES         229619.71          11         3
    480         37.02         229619.71       YES         229619.71          12        13
    490         37.12         229619.71       YES         229619.71          10        23
    500         38.34         229619.71       YES         229619.71          11         3
    510         39.36         229619.71       YES         229619.71          10        13
    520         39.44         229619.71       YES         229619.71          12        23
    530         40.46         229619.71       YES         229619.71          10         3
    540         41.47         229619.71       YES         229619.71          10        13
    550         41.56         229619.71       YES         229619.71          14        23
    560         42.57         229619.71       YES         229619.71          10         3
    570         43.61         229619.71       YES         229619.71          10        13
    580         43.70         229619.71       YES         229619.71          11        23
    590         44.71         229619.71       YES         229619.71          10         3
    600         45.74         229619.71       YES         229619.71          11        13
    610         45.83         229619.71       YES         229619.71          11        23
    620         46.96         229619.71       YES         229619.71          10         3
    630         48.22         229619.71       YES         229619.71          11        13
    640         48.32         229619.71       YES         229619.71          10        23
    650         49.57         229619.71       YES         229619.71          10         3
    660         50.67         229619.71       YES         229619.71          10        13
    670         50.75         229619.71       YES         229619.71          11        23
    680         51.75         229619.71       YES         229949.39          10         3
    690         52.76         229619.71       YES         229619.71          11        13
    700         52.84         229619.71       YES         229619.71          10        23
    710         53.88         229619.71       YES         229619.71          10         3
    720         55.04         229619.71       YES         229619.71          10        13
    730         55.14         229619.71       YES         229619.71          11        23
    740         56.40         229619.71       YES         229619.71          11         3
    750         57.65         229619.71       YES         229619.71          11        13
    760         57.75         229619.71       YES         229619.71          12        23
    770         58.85         229619.71       YES         229619.71          11         3
    780         59.87         229619.71       YES         229619.71          11        13
    790         59.96         229619.71       YES         229619.71          13        23
