   iter       time(s)          bestCost  feasible      bestThisIter    feasAnts noImprove
---------------------------------------------------------------------------------------------
     10          1.28         142393.69       YES         145777.47           9         2
     20          4.58         135689.67       YES         135689.67           9         5
     30          7.97         135689.67       YES         141229.42          10        15
     40          9.14         135689.67       YES         146857.61          10        25
     50         13.51         133890.09       YES         134817.02          11         2
     60         16.93         133890.09       YES         133890.09          10        12
     70         18.19         133890.09       YES         139588.20          10        22
     80         22.56         133890.09       YES         143077.32          10         2
     90         26.78         133890.09       YES         151818.38          10        12
    100         28.09         133890.09       YES         144384.42          10        22
    110         32.17         133890.09       YES         149831.05          10         2
    120         36.70         133890.09       YES         155673.31          10        12
    130         38.06         133890.09       YES         143427.20          10        22
    140         42.03         133890.09       YES         143837.54          10         2
    150         46.57         133890.09       YES         151831.81          10        12
    160         47.70         133890.09       YES         145319.58          10        22
    170         51.92         133890.09       YES         147726.35           9         2
    180         56.12         133890.09       YES         143975.88          10        12
    190         57.23         133890.09       YES         149195.71          10        22
