   iter       time(s)          bestCost  feasible      bestThisIter    feasAnts noImprove
---------------------------------------------------------------------------------------------
     10          1.39         223110.88       YES         223778.69          10         5
     20          7.85         212973.32       YES         212973.32           9         0
     30         14.24         211489.51       YES         212086.76          13         0
     40         15.36         207938.94       YES         207938.94          17         4
     50         22.07         207701.73       YES         207701.73          13         5
     60         28.30         206279.00       YES         206279.00          11         8
     70         29.56         206279.00       YES         209020.47          10        18
     80         36.00         206279.00       YES         221240.24          10        28
     90         42.37         205528.35       YES         231776.05          10         0
    100         43.41         205528.35       YES         205528.35          10        10
    110         49.26         205528.35       YES         223047.86          10        20
    120         55.01         205528.35       YES         217780.19          10        30
    130         57.01         205528.35       YES         227942.65          10        10
