   iter       time(s)          bestCost  feasible      bestThisIter    feasAnts noImprove
---------------------------------------------------------------------------------------------
     10          0.71           3337.39       YES           3337.39          10         0
     20          3.65           3306.57       YES           3306.57          10         8
     30          6.25           3306.57       YES           3333.13          10        18
     40          6.98           3306.57       YES           3361.30          10        28
     50         10.36           3306.57       YES           3462.13          10         8
     60         13.30           3306.57       YES           3384.78          10        18
     70         14.05           3306.57       YES           3438.83          10        28
     80         17.10           3303.46       YES           3358.72          10         5
     90         20.18           3273.89       YES           3273.89          12         2
    100         20.84           3273.89       YES           3383.28          10        12
    110         23.51           3273.89       YES           3310.08          10        22
    120         26.22           3273.89       YES           3375.84          10         2
    130         27.18           3273.89       YES           3414.96          10        12
    140         30.49           3273.89       YES           3319.79          10        22
    150         33.28           3273.89       YES           3349.50           9         2
    160         34.20           3273.89       YES           3384.32          10        12
    170         37.22           3273.89       YES           3411.43          10        22
    180         40.27           3273.89       YES           3574.56          10         2
    190         41.20           3273.89       YES           3326.21          10        12
    200         43.89           3273.89       YES           3392.98          10        22
    210         47.24           3273.89       YES           3469.68           9         2
    220         48.06           3273.89       YES           3280.77          10        12
    230         50.69           3273.89       YES           3421.33           9        22
    240         53.85           3273.89       YES           3306.66          10         2
    250         54.97           3273.89       YES           3437.42          10        12
    260         57.73           3273.89       YES           3432.61          10        22
    270         60.41           3273.89       YES           3522.32           8         2
