   iter       time(s)          bestCost  feasible      bestThisIter    feasAnts noImprove
---------------------------------------------------------------------------------------------
     10          2.05          85734.02       YES          92920.31          10         4
     20          7.26          80316.89       YES          82089.23          10         5
     30         13.03          80283.38       YES          87266.77          10         0
     40         14.42          80283.38       YES          85429.44          10        10
     50         20.70          80283.38       YES          97020.97          10        20
     60         26.78          80283.38       YES          88952.83          10        30
     70         29.41          80283.38       YES          97625.20          10        10
     80         35.75          80283.38       YES          91296.11          10        20
     90         41.62          80283.38       YES          93023.60          10        30
    100         44.36          80283.38       YES         101778.76          10        10
    110         50.50          80283.38       YES          92730.37          10        20
    120         56.46          80283.38       YES          87088.47          10        30
    130         59.30          80283.38       YES          92814.39          10        10
