   iter       time(s)          bestCost  feasible      bestThisIter    feasAnts noImprove
---------------------------------------------------------------------------------------------
     10          0.43         716959.89       YES         717145.78           9         7
     20          2.57         715777.31       YES         716959.89          31         2
     30          5.10         715176.27       YES         715176.27          19         7
     40          5.65         715176.27       YES         715176.27          10        17
     50          8.12         715176.27       YES         715176.27          11        27
     60         10.31         715176.27       YES         723703.65          10         7
     70         10.72         715176.27       YES         715176.27          10        17
     80         13.38         715176.27       YES         715176.27          10        27
     90         15.81         714044.07       YES         725010.95          10         0
    100         16.13         714044.07       YES         714044.07          12        10
    110         18.24         714044.07       YES         714044.07          10        20
    120         20.52         714044.07       YES         714044.07          10        30
    130         21.00         714044.07       YES         719198.76          10        10
    140         23.42         714044.07       YES         714044.07          10        20
    150         25.49         714044.07       YES         714044.07          10        30
    160         25.91         714044.07       YES         732538.02          10        10
    170         28.19         714044.07       YES         721833.69          10        20
    180         30.70         714044.07       YES         714044.07          10        30
    190         31.24         714044.07       YES         714044.07          10        10
    200         33.31         714044.07       YES         714044.07          10        20
    210         35.37         714044.07       YES         714044.07          10        30
    220         35.81         714044.07       YES         722587.56          10        10
    230         38.29         714044.07       YES         718201.38          10        20
    240         40.53         714044.07       YES         714044.07          10        30
    250         40.94         714044.07       YES         725809.74          10        10
    260         43.06         714044.07       YES         714044.07          10        20
    270         45.58         714044.07       YES         722530.64          10        30
    280         46.00         714044.07       YES         718885.10          10        10
    290         48.28         714044.07       YES         720046.86          10        20
    300         50.35         714044.07       YES         720911.01          10        30
    310         50.75         714044.07       YES         719198.76          10        10
    320         53.16         714044.07       YES         716991.87          10        20
    330         55.56         714044.07       YES         716991.87          10        30
    340         56.03         714044.07       YES         721889.55          10        10
    350         58.07         714044.07       YES         714044.07          10        20
    360         60.38         714044.07       YES         714044.07          10        30
