11 44 45 48 49 52 84 87 96 97 105 128 144 150 
1 12 15 24 29 32 40 46 53 93 117 120 125 132 137 142 
23 59 70 76 91 94 95 102 111 121 123 129 131 139 
17 25 34 58 88 90 98 106 109 112 113 114 145 148 
2 6 8 22 42 54 55 62 68 72 75 80 108 134 138 149 
13 20 27 31 47 64 65 67 79 85 104 107 110 130 147 
5 28 38 39 43 50 56 71 83 86 101 119 124 126 133 
7 9 16 18 26 37 51 61 63 66 78 82 103 127 135 146 
10 14 19 33 36 57 60 69 74 81 92 99 100 136 141 143 
3 4 21 30 35 41 73 77 89 115 116 118 122 140 
