   iter       time(s)          bestCost  feasible      bestThisIter    feasAnts noImprove
---------------------------------------------------------------------------------------------
     10          0.88         234677.77       YES         234677.77          10         0
     20          4.35         234677.77       YES         247766.12          10        10
     30          7.57         234677.77       YES         242511.65          10        20
     40          8.41         234677.77       YES         236231.68          10        30
     50         12.06         234677.77       YES         250860.14          10        10
     60         15.81         234677.77       YES         244013.65          10        20
     70         16.85         234677.77       YES         237760.92           9        30
     80         20.76         234677.77       YES         258579.81          10        10
     90         24.18         234677.77       YES         245658.62          10        20
    100         25.01         234677.77       YES         251246.82           9        30
    110         29.33         234677.77       YES         244532.82          10        10
    120         32.79         234677.77       YES         246470.63          10        20
    130         33.59         234677.77       YES         234677.77          10        30
    140         38.05         234677.77       YES         236152.08          10        10
    150         41.54         234677.77       YES         242845.03          10        20
    160         42.40         234677.77       YES         234677.77          10        30
    170         46.89         234677.77       YES         257148.12          10        10
    180         50.36         234677.77       YES         245093.02          10        20
    190         51.11         234677.77       YES         248868.34          10        30
    200         54.92         234677.77       YES         247102.39          10        10
    210         58.86         234677.77       YES         237610.05          10        20
    220         59.59         234677.77       YES         246977.55          10        30
