   iter       time(s)          bestCost  feasible      bestThisIter    feasAnts noImprove
---------------------------------------------------------------------------------------------
     10          0.46        1465265.15       YES        1465265.15          10         0
     20          3.57        1465265.15       YES        1465265.15          10        10
     30          6.60        1465265.15       YES        1477740.90          10        20
     40          7.05        1465265.15       YES        1477740.90          10        30
     50         10.27        1465265.15       YES        1482458.08          10        10
     60         13.31        1465265.15       YES        1470999.41          10        20
     70         13.71        1465265.15       YES        1465265.15          10        30
     80         16.85        1465265.15       YES        1465265.15          10        10
     90         19.89        1465265.15       YES        1465265.15          10        20
    100         20.34        1465265.15       YES        1477740.90          10        30
    110         23.60        1465265.15       YES        1477740.90          10        10
    120         26.59        1465265.15       YES        1465265.15          10        20
    130         27.03        1465265.15       YES        1475340.09          10        30
    140         30.13        1465265.15       YES        1477861.05          10        10
    150         33.22        1465265.15       YES        1465265.15          10        20
    160         33.69        1465265.15       YES        1477740.90          10        30
    170         36.83        1465265.15       YES        1492089.85          10        10
    180         39.89        1465265.15       YES        1468440.36          10        20
    190         40.34        1465265.15       YES        1483322.18          10        30
    200         43.48        1465265.15       YES        1475731.24          10        10
    210         46.53        1465265.15       YES        1475340.09          10        20
    220         46.97        1465265.15       YES        1465265.15          10        30
    230         50.11        1465265.15       YES        1482693.52          10        10
    240         53.14        1465265.15       YES        1465265.15          10        20
    250         53.59        1465265.15       YES        1465265.15          10        30
    260         56.71        1465265.15       YES        1477740.90          10        10
    270         59.79        1465265.15       YES        1469503.69          10        20
