   iter       time(s)          bestCost  feasible      bestThisIter    feasAnts noImprove
---------------------------------------------------------------------------------------------
     10          0.40         236120.27       YES         239788.65          10         6
     20          2.92         232898.86       YES         232800.60          10         2
     30          5.55         231486.94       YES         231486.94          13         5
     40          6.04         231486.94       YES         234405.19          10        15
     50          8.22         231486.94       YES         236147.09          10        25
     60         10.90         231486.94       YES         235514.91          10         5
     70         11.48         231486.94       YES         234790.78          10        15
     80         13.96         231486.94       YES         231486.94          10        25
     90         16.14         231486.94       YES         237164.55          10         5
    100         16.67         231486.94       YES         231486.94          10        15
    110         19.33         231486.94       YES         231486.94          10        25
    120         21.85         231486.94       YES         231486.94          10         5
    130         22.32         231486.94       YES         235281.77          10        15
    140         24.50         231486.94       YES         235754.46          10        25
    150         27.20         231486.94       YES         241628.71          10         5
    160         27.80         231486.94       YES         236645.85          10        15
    170         30.26         231486.94       YES         233881.29          10        25
    180         32.45         231486.94       YES         240170.60          10         5
    190         33.00         231486.94       YES         232622.97          10        15
    200         35.68         231486.94       YES         231486.94          10        25
    210         38.14         231486.94       YES         241751.73          10         5
    220         38.69         231486.94       YES         231486.94          10        15
    230         40.86         231486.94       YES         231486.94          10        25
    240         43.56         231486.94       YES         240170.88          10         5
    250         44.17         231486.94       YES         232898.86          10        15
    260         46.45         231486.94       YES         231486.94          10        25
    270         48.62         231486.94       YES         236238.86          10         5
    280         49.23         231486.94       YES         231486.94          10        15
    290         52.09         231486.94       YES         231486.94          10        25
    300         54.47         231486.94       YES         246035.29          10         5
    310         55.02         231486.94       YES         231486.94          10        15
    320         57.22         231486.94       YES         240607.43          10        25
    330         59.96         231486.94       YES         247733.16          10         5
