   iter       time(s)          bestCost  feasible      bestThisIter    feasAnts noImprove
---------------------------------------------------------------------------------------------
     10          0.71         286689.69       YES         286719.11          19         1
     20          4.09         284913.86       YES         284913.86           9         7
     30          8.27         284913.86       YES         291547.63          10        17
     40          9.05         284913.86       YES         294376.19           8        27
     50         13.00         284913.86       YES         305179.33           9         7
     60         17.15         284913.86       YES         296472.75          10        17
     70         18.00         284913.86       YES         302584.87          10        27
     80         22.08         284785.29       YES         308287.32          10         5
     90         25.90         284653.90       YES         292372.19          10         0
    100         26.46         283614.35       YES         283614.35          14         5
    110         30.07         282582.46       YES         282582.46           9         5
    120         33.72         282582.46       YES         293040.41          10        15
    130         34.52         282582.46       YES         303137.99           9        25
    140         37.90         282032.19       YES         282032.19          10         5
    150         41.22         278433.51       YES         278433.51          11         0
    160         41.88         278433.51       YES         278433.51          10        10
    170         45.63         278433.51       YES         298963.61          10        20
    180         49.46         278433.51       YES         304692.73          10        30
    190         50.61         278433.51       YES         318248.51          10        10
    200         54.64         278433.51       YES         307313.63           9        20
    210         58.33         278433.51       YES         308247.43          10        30
    220         59.38         278433.51       YES         325439.52          10        10
