   iter       time(s)          bestCost  feasible      bestThisIter    feasAnts noImprove
---------------------------------------------------------------------------------------------
     10          1.26         168552.99       YES         177489.00          10         7
     20          7.71         166270.90       YES         166270.90          25         1
     30         13.66         166270.90       YES         166270.90          10        11
     40         14.88         166270.90       YES         175333.36          10        21
     50         21.34         166270.90       YES         177284.32          10         1
     60         28.08         166166.72       YES         173731.94          10         0
     70         29.16         165503.75       YES         165503.75          10         3
     80         35.20         164642.32       YES         164642.32          10         0
     90         41.47         164599.37       YES         166249.92          10         7
    100         42.60         164599.37       YES         168805.55          10        17
    110         49.22         164599.37       YES         171943.16          10        27
    120         55.89         164599.37       YES         178269.79          10         7
    130         57.63         164599.37       YES         168839.64          10        17
