   iter       time(s)          bestCost  feasible      bestThisIter    feasAnts noImprove
---------------------------------------------------------------------------------------------
     10          1.13         318783.69       YES         318897.55          10         7
     20          5.20         314886.98       YES         314886.98          10         5
     30          9.36         314499.55       YES         314499.55          13         3
     40         10.19         313011.71       YES         324815.51          10         6
     50         13.77         311157.68       YES         311157.68          10         0
     60         17.77         311157.68       YES         319331.84          10        10
     70         19.04         311157.68       YES         329726.77          10        20
     80         22.99         311157.68       YES         331204.79          10        30
     90         27.76         311157.68       YES         346307.12          10        10
    100         28.85         311157.68       YES         346891.15          10        20
    110         32.97         311157.68       YES         345510.39          10        30
    120         37.32         311157.68       YES         337746.96          10        10
    130         38.54         311157.68       YES         336713.59          10        20
    140         43.15         311157.68       YES         332192.07          10        30
    150         47.24         311157.68       YES         348893.97          10        10
    160         48.56         311157.68       YES         337959.45          10        20
    170         52.84         311157.68       YES         342856.47          10        30
    180         57.03         311157.68       YES         341125.78          10        10
    190         58.40         311157.68       YES         325258.36          10        20
