   iter       time(s)          bestCost  feasible      bestThisIter    feasAnts noImprove
---------------------------------------------------------------------------------------------
     10          3.04         623830.37       YES         640859.49          10         1
     20         12.49         593371.94       YES         605370.11          10         5
     30         22.77         591167.98       YES         644478.09           9         0
     40         25.47         591167.98       YES         628412.90          10        10
     50         35.97         590183.88       YES         603439.02           9         5
     60         46.63         589638.70       YES         653742.39          10         0
     70         48.64         587224.90       YES         587224.90           9         3
     80         58.49         587224.90       YES         642575.61           9        13
