   iter       time(s)          bestCost  feasible      bestThisIter    feasAnts noImprove
---------------------------------------------------------------------------------------------
     10          0.83          49370.27       YES          49370.27          10         3
     20          4.70          48371.29       YES          48371.29          11         0
     30          8.16          47850.13       YES          48230.41          10         0
     40          8.66          47850.13       YES          47850.13          10        10
     50         12.61          47850.13       YES          47913.88          10        20
     60         16.21          47850.13       YES          48624.04          10        30
     70         17.08          47850.13       YES          48710.11          10        10
     80         20.92          47850.13       YES          48620.67          10        20
     90         24.93          47850.13       YES          48512.52          10        30
    100         25.73          47850.13       YES          49895.87          10        10
    110         29.69          47850.13       YES          47913.88          10        20
    120         33.62          47850.13       YES          48935.95          10        30
    130         34.52          47850.13       YES          49022.75          10        10
    140         38.76          47850.13       YES          48333.94          10        20
    150         42.41          47850.13       YES          47850.13          10        30
    160         43.26          47850.13       YES          48939.34          10        10
    170         47.48          47850.13       YES          47913.88          10        20
    180         51.13          47850.13       YES          49505.82          10        30
    190         52.12          47850.13       YES          49232.05          10        10
    200         56.23          47850.13       YES          48278.19          10        20
    210         60.00          47850.13       YES          48723.36          10        30
