   iter       time(s)          bestCost  feasible      bestThisIter    feasAnts noImprove
---------------------------------------------------------------------------------------------
     10          0.46          16566.36       YES          16609.80          10         6
     20          2.29          16549.32       YES          16566.36          19         2
     30          3.86          16529.70       YES          16529.70          15         6
     40          4.10          16529.70       YES          16529.70          10        16
     50          5.75          16529.70       YES          16529.70          10        26
     60          7.41          16529.70       YES          16609.80          10         6
     70          7.70          16529.70       YES          16529.70          10        16
     80          9.45          16529.70       YES          16609.80          10        26
     90         11.58          16529.70       YES          16609.80          10         6
    100         11.90          16529.70       YES          16529.70          10        16
    110         13.89          16529.70       YES          16529.70          10        26
    120         15.54          16529.70       YES          16609.80          10         6
    130         15.80          16529.70       YES          16529.70          11        16
    140         17.41          16529.70       YES          16566.36          10        26
    150         19.06          16529.70       YES          16606.37          10         6
    160         19.36          16529.70       YES          16567.37          10        16
    170         20.98          16529.70       YES          16529.70          10        26
    180         22.90          16529.70       YES          16907.23          10         6
    190         23.22          16529.70       YES          16529.70          10        16
    200         25.22          16529.70       YES          16529.70          10        26
    210         26.98          16529.70       YES          16608.82          10         6
    220         27.28          16529.70       YES          16609.80          10        16
    230         28.94          16529.70       YES          16529.70          10        26
    240         30.86          16529.70       YES          16801.51          10         6
    250         31.25          16529.70       YES          16529.70          10        16
    260         33.30          16529.70       YES          16529.70          10        26
    270         34.99          16529.70       YES          16658.07          10         6
    280         35.25          16529.70       YES          16529.70          10        16
    290         36.87          16529.70       YES          16529.70          10        26
    300         38.71          16529.70       YES          16573.87          10         6
    310         39.05          16529.70       YES          16529.70          10        16
    320         41.03          16529.70       YES          16568.58          10        26
    330         42.84          16529.70       YES          16647.87          10         6
    340         43.12          16529.70       YES          16529.70          10        16
    350         44.71          16529.70       YES          16529.70          10        26
    360         46.39          16529.70       YES          17000.93          10         6
    370         46.67          16529.70       YES          16529.70          10        16
    380         48.32          16529.70       YES          16529.70           9        26
    390         50.09          16529.70       YES          16567.53          10         6
    400         50.47          16529.70       YES          16529.70          10        16
    410         52.45          16529.70       YES          16529.70          12        26
    420         54.36          16529.70       YES          16684.56          10         6
    430         54.66          16529.70       YES          16529.70          11        16
    440         56.30          16529.70       YES          16549.32          10        26
    450         58.04          16529.70       YES          16609.80          10         6
    460         58.32          16529.70       YES          16529.70          10        16
    470         59.98          16529.70       YES          16529.70          10        26
