   iter       time(s)          bestCost  feasible      bestThisIter    feasAnts noImprove
---------------------------------------------------------------------------------------------
     10          0.47          65466.92       YES          65466.92          10         3
     20          2.26          65367.18       YES          65367.18          12         5
     30          4.30          65051.50       YES          66898.60          10         0
     40          4.79          65051.50       YES          65441.63          10        10
     50          7.15          65051.50       YES          67267.27          10        20
     60          9.16          65051.50       YES          65845.05          10        30
     70          9.80          65051.50       YES          68558.68          10        10
     80         11.96          65051.50       YES          67713.84          10        20
     90         14.38          63804.69       YES          66792.31          10         0
    100         14.83          63804.69       YES          63804.69          10        10
    110         16.75          63804.69       YES          64469.82          10        20
    120         18.72          63804.69       YES          66822.19          10        30
    130         19.40          63804.69       YES          68273.31          10        10
    140         21.74          63804.69       YES          66812.47          10        20
    150         23.95          63804.69       YES          66873.37          10        30
    160         24.55          63804.69       YES          66647.82          10        10
    170         26.46          63804.69       YES          65504.33          10        20
    180         28.71          63804.69       YES          65982.61          10        30
    190         29.45          63804.69       YES          66771.38          10        10
    200         31.71          63804.69       YES          65993.38          10        20
    210         33.59          63804.69       YES          67765.54          10        30
    220         34.20          63804.69       YES          68323.85          10        10
    230         36.32          63804.69       YES          64469.82          10        20
    240         38.75          63804.69       YES          64370.55          10        30
    250         39.46          63804.69       YES          70551.15          10        10
    260         41.40          63804.69       YES          64100.70          10        20
    270         43.27          63804.69       YES          67025.10          10        30
    280         44.04          63804.69       YES          65570.00          10        10
    290         46.44          63804.69       YES          66057.33          10        20
    300         48.52          63804.69       YES          65136.44          10        30
    310         49.14          63804.69       YES          69315.10          10        10
    320         51.07          63804.69       YES          66093.33          10        20
    330         53.41          63804.69       YES          66273.90          10        30
    340         54.15          63804.69       YES          69039.37          10        10
    350         56.36          63804.69       YES          66334.79          10        20
    360         58.35          63804.69       YES          67441.31          10        30
    370         59.00          63804.69       YES          66748.97          10        10
