   iter       time(s)          bestCost  feasible      bestThisIter    feasAnts noImprove
---------------------------------------------------------------------------------------------
     10          0.79         256314.37       YES         259401.73          10         3
     20          6.85         255296.58       YES         255296.58          10         5
     30         12.73         253674.25       YES         257862.07          10         0
     40         13.90         250416.39       YES         250416.39          10         5
     50         21.02         250207.54       YES         250207.54          10         5
     60         27.09         250207.54       YES         254612.10          10        15
     70         28.37         250207.54       YES         255609.24          10        25
     80         34.55         250207.54       YES         254166.51          10         5
     90         41.80         250207.54       YES         250416.39          10        15
    100         42.95         250207.54       YES         258079.71          10        25
    110         49.41         250207.54       YES         259343.12          10         5
    120         56.47         250207.54       YES         251366.82          10        15
    130         57.76         250207.54       YES         250416.39          10        25
