   iter       time(s)          bestCost  feasible      bestThisIter    feasAnts noImprove
---------------------------------------------------------------------------------------------
     10          1.85           7466.67       YES           7466.67          10         0
     20          8.07           7133.14       YES           7133.14          10         5
     30         14.22           7077.08       YES           7723.51          10         0
     40         15.55           7077.08       YES           7077.08          10        10
     50         22.76           7077.08       YES           7743.23          10        20
     60         30.18           7077.08       YES           7898.48          10        30
     70         32.70           7077.08       YES           8036.12          10        10
     80         39.83           7077.08       YES           7798.15          10        20
     90         47.10           7077.08       YES           7656.90          10        30
    100         49.63           7077.08       YES           7684.12          10        10
    110         57.16           7077.08       YES           7762.09          10        20
    120         64.71           7077.08       YES           8107.19          10        30
