   iter       time(s)          bestCost  feasible      bestThisIter    feasAnts noImprove
---------------------------------------------------------------------------------------------
     10          2.06         149241.90       YES         149241.90          10         0
     20          7.58         143047.21       YES         143047.21          10         2
     30         12.50         134708.06       YES         137071.42          22         0
     40         13.74         134708.06       YES         160724.28          10        10
     50         19.87         134708.06       YES         182754.78          10        20
     60         26.49         134708.06       YES         180194.04          10        30
     70         28.74         134708.06       YES         183796.94          10        10
     80         35.27         134708.06       YES         154484.40          10        20
     90         41.86         134708.06       YES         207611.53          10        30
    100         44.13         134708.06       YES         176306.88          10        10
    110         50.73         134708.06       YES         183478.22          10        20
    120         57.31         134708.06       YES         164241.17          10        30
    130         59.49         134708.06       YES         213265.23          10        10
