   iter       time(s)          bestCost  feasible      bestThisIter    feasAnts noImprove
---------------------------------------------------------------------------------------------
     10          0.68         258461.79       YES         258461.79          11         1
     20          3.48         254497.74       YES         254497.74          11         5
     30          6.82         254497.74       YES         262599.78          10        15
     40          7.50         254497.74       YES         263042.69          10        25
     50         10.23         252467.46       YES         252467.46          16         2
     60         13.22         252467.46       YES         252467.46          10        12
     70         13.89         252467.46       YES         256660.06          10        22
     80         16.85         252467.46       YES         263660.43          10         2
     90         19.87         252467.46       YES         267128.36          10        12
    100         20.48         252467.46       YES         264798.87          10        22
    110         23.40         252467.46       YES         260163.69          10         2
    120         27.09         252467.46       YES         252484.87          10        12
    130         27.68         252467.46       YES         258760.37          10        22
    140         30.37         250596.72       YES         250596.72          10         2
    150         33.02         250596.72       YES         261097.44          10        12
    160         33.64         250596.72       YES         262906.00          10        22
    170         36.85         250596.72       YES         251413.18          10         2
    180         40.46         250596.72       YES         261454.05          10        12
    190         41.08         250596.72       YES         254091.16          10        22
    200         43.95         250596.72       YES         260664.55          10         2
    210         46.97         250596.72       YES         267010.57          10        12
    220         47.69         250596.72       YES         261545.72          10        22
    230         51.26         250596.72       YES         266479.80          10         2
    240         54.36         250596.72       YES         256414.78          10        12
    250         55.01         250596.72       YES         256012.67          10        22
    260         57.90         250596.72       YES         260739.87          10         2
    270         61.20         250596.72       YES         262747.59          10        12
