   iter       time(s)          bestCost  feasible      bestThisIter    feasAnts noImprove
---------------------------------------------------------------------------------------------
     10          1.45          54603.66       YES          54603.66           9         0
     20          7.13          54106.44       YES          54151.76          10         1
     30         13.18          53284.01       YES          54031.88           9         6
     40         14.54          53284.01       YES          54530.73          10        16
     50         20.87          53284.01       YES          57906.47          10        26
     60         27.42          53284.01       YES          54908.18          10         6
     70         29.17          53284.01       YES          55500.35          10        16
     80         35.57          53284.01       YES          54831.61          10        26
     90         41.96          53284.01       YES          56293.89          10         6
    100         43.64          53284.01       YES          54806.21          10        16
    110         50.14          53284.01       YES          56206.85          10        26
    120         56.74          53284.01       YES          57308.68          10         6
    130         58.41          53284.01       YES          55599.04          10        16
