   iter       time(s)          bestCost  feasible      bestThisIter    feasAnts noImprove
---------------------------------------------------------------------------------------------
     10          0.86         240577.96       YES         243029.24          10         2
     20          3.72         238595.11       YES         238595.11          10         9
     30          6.75         238595.11       YES         238595.11          10        19
     40          7.61         238595.11       YES         243612.33          10        29
     50         11.03         238595.11       YES         257977.66          10         9
     60         13.93         238595.11       YES         248574.22          10        19
     70         14.61         238595.11       YES         249978.11          10        29
     80         17.69         238595.11       YES         257483.02          10         9
     90         20.67         238595.11       YES         254824.43          10        19
    100         21.36         238595.11       YES         254686.14          10        29
    110         24.99         238595.11       YES         262209.71          10         9
    120         28.07         238595.11       YES         249735.73          10        19
    130         28.76         238595.11       YES         244462.64          10        29
    140         32.36         238595.11       YES         248782.69          10         9
    150         35.55         238595.11       YES         246642.25          10        19
    160         36.26         238595.11       YES         249239.70          10        29
    170         39.74         238595.11       YES         251149.08          10         9
    180         43.00         238595.11       YES         243132.70          10        19
    190         43.74         238595.11       YES         240412.52          10        29
    200         47.06         238595.11       YES         257477.33          10         9
    210         50.49         238595.11       YES         243614.45          10        19
    220         51.25         238595.11       YES         254541.63          10        29
    230         54.25         238595.11       YES         261158.99          10         9
    240         57.14         238595.11       YES         245360.70          10        19
    250         57.90         238595.11       YES         251768.81           9        29
