   iter       time(s)          bestCost  feasible      bestThisIter    feasAnts noImprove
---------------------------------------------------------------------------------------------
     10          2.46          12599.96       YES          12599.96          10         0
     20         11.49          12513.18       YES          12513.18          11         6
     30         20.40          12513.18       YES          12838.62          10        16
     40         22.29          12513.18       YES          13095.98          10        26
     50         32.53          12513.18       YES          13518.56          10         6
     60         42.61          12513.18       YES          13543.00          10        16
     70         44.64          12513.18       YES          13236.51          10        26
     80         54.59          12513.18       YES          13226.12          10         6
     90         64.96          12513.18       YES          12979.74          10        16
