   iter       time(s)          bestCost  feasible      bestThisIter    feasAnts noImprove
---------------------------------------------------------------------------------------------
     10          2.48         916145.16       YES         922353.05          13         1
     20         11.18         847272.24       YES         848481.56          12         2
     30         20.14         846560.63       YES         882831.31          10         0
     40         21.63         838307.88       YES         838307.88          10         3
     50         30.33         838307.88       YES         897008.96          10        13
     60         40.57         838307.88       YES         888704.29          10        23
     70         43.48         838307.88       YES         952850.88          10         3
     80         52.61         838307.88       YES         850296.71          10        13
     90         61.85         838307.88       YES         899412.17          10        23
