   iter       time(s)          bestCost  feasible      bestThisIter    feasAnts noImprove
---------------------------------------------------------------------------------------------
     10          1.99         522799.77       YES         547405.42          10         5
     20         10.00         518799.19       YES         518799.19          10         5
     30         18.01         518687.25       YES         539677.75          10         0
     40         19.38         517304.40       YES         527048.77          10         7
     50         27.23         516705.77       YES         516705.77          10         5
     60         35.35         516705.77       YES         541587.13          10        15
     70         37.24         516705.77       YES         529402.09          10        25
     80         45.18         513021.89       YES         519051.08          10         5
     90         53.16         513021.89       YES         559875.02          10        15
    100         54.92         513021.89       YES         547289.10          10        25
